1337
11605
40346
48939
59404
60514
66125
69374
73810
79658
82431
93551
100611
111893
130070
131719
149857
166626
170735
188541
202396
203454
211775
230073
237637
246677
253420
259997
263442
268003
299038
305347
335796
337134
342807
362080
368917
435308
439255
460342
470961
475842
479941
485041
488417
504424
505818
530589
532774
545684
555368
563383
573171
590767
599962
602019
603211
616785
636313
638234
640262
648834
650495
652529
662354
667976
669137
678008
678086
687168
699528
706618
715635
719270
742661
746444
755058
805865
814529
842326
861773
871164
891012
893767
899923
911306
918976
923381
932457
936615
956857
958448
962285
969900
977353
978629
981169
981893
984098
984565
