569385
367182
378693
315239
348344
594430
578305
254872
654868
48463
320145
845266
377768
736785
19456
624432
469455
738220
473976
131999
178339
164115
162279
611113
65907
385832
765589
96473
897625
485787
384923
726070
209284
205416
670996
691737
839597
231471
162550
480271
867053
4833
19416
714681
437239
498936
584083
39889
424117
723188
30533
36535
673677
305161
504245
770924
625088
583078
511002
270433
272514
54922
110233
296199
852360
882457
847534
160392
124585
862314
333448
526167
181121
201824
37804
461428
336406
283138
657944
4096
882154
889728
12025
826198
8851
806644
15952
968862
682078
9268
934529
741451
75382
638202
697234
566836
343695
149914
725707
162803
785421
112677
629089
145997
697073
363681
30611
821119
627423
635001
335285
745155
363297
893101
180479
358856
669220
680030
981731
637676
131775
711739
744326
896609
944679
124544
679676
503743
60555
668267
617834
33339
217185
250178
737396
914081
634965
252890
968235
835862
717660
175360
947983
933984
484223
76361
479273
314408
140796
694777
574445
830660
901999
55500
82574
308157
503700
453418
384256
485762
384962
413059
581597
587218
403916
150389
788179
327558
185408
774904
563100
693994
840117
971343
801136
93520
861071
199668
280506
771800
925705
225618
643373
774614
587543
790990
134698
208992
48273
617163
737351
510072
86124
317280
159738
998962
615241
742560
434773
300285
20615
338394
191619
469341
940146
300519
584183
836416
383794
263590
359777
380793
821031
450403
484012
144362
441664
506325
523222
407876
977124
810311
215227
232059
945596
422304
632223
659663
446903
918901
483112
190338
170687
15300
215186
223489
399658
693417
962627
455753
280789
603850
788162
471830
422627
881053
279758
774143
303594
304562
808345
187231
116486
337613
553385
759781
431432
785645
504123
596174
183559
556567
930497
32518
25777
142991
569842
69255
899222
819581
118163
683345
716206
407972
120602
295726
751525
706976
705175
614675
11682
143926
754882
688287
808443
667032
933132
277097
826212
702780
527305
742167
501893
978063
668655
7884
514228
5015
891962
270503
496484
795426
510921
247294
960847
313619
481145
72877
957490
893869
326535
181296
871434
336532
416277
169563
425459
319696
930850
656360
182348
614977
201241
746866
28553
316420
267498
348527
420904
497878
428356
19582
149777
492845
200951
515505
835307
186857
543971
166621
37132
607329
68163
991587
349614
877083
669977
295098
554337
606994
771436
815026
219867
908973
695102
694068
561132
148323
592619
455292
977139
575283
583463
25887
859435
541917
568509
614300
699621
542248
113476
253258
530051
157794
950905
306502
633159
857424
59025
962248
564065
40088
729703
651866
960307
499092
984986
29088
743514
705616
420670
332870
372582
604002
386653
334463
497946
777597
974968
136016
457873
424570
604683
767681
45729
373433
767543
499100
776516
223335
111507
240030
393941
296643
598140
928339
270331
184578
669332
363876
152251
164677
387558
422321
717530
110030
288697
31446
380048
690769
971907
451643
982028
876197
830007
11163
270328
732075
898368
459016
799249
359341
46485
298293
167378
864001
763797
535220
440675
24739
88649
882477
120319
12956
64602
608993
662813
599891
651728
277201
802596
443564
963997
608954
717449
661047
724733
213781
661073
68050
779901
752826
47344
277598
436500
682844
810456
730675
141453
989669
40301
724203
33397
698527
18528
185835
833880
742729
319988
88543
482555
428434
814381
295762
308452
406206
770051
613203
149978
65056
211251
625996
633679
474845
147317
163412
321942
238360
189661
943794
675532
571576
300004
773059
309588
786550
952153
272246
542513
131327
407220
657408
330255
168922
194644
318730
785114
737935
738003
545075
378772
674773
375958
512834
595231
986112
669160
196717
856838
752606
603426
404749
864121
728325
446690
764533
930347
133374
857264
656802
998838
735217
866890
920434
645749
579621
46091
635164
885955
898402
452396
81559
761847
355304
601369
868723
464593
585532
833380
710437
702199
727644
873334
18431
839363
988199
361121
201980
6230
987093
610371
354973
5706
981262
309798
107839
956173
789420
616851
319793
661954
885255
617807
759941
860273
973993
881577
113776
358360
293684
814774
484274
298374
612121
105798
512247
627876
744756
907208
595675
716721
70952
510989
229504
882266
713952
865374
79024
537074
294158
356682
835474
13561
646928
181057
414254
528070
479390
410472
182470
778058
700370
155628
880416
990585
55491
333077
437396
304234
367014
795022
964108
972316
195079
493425
408142
704363
361255
967661
422919
485356
720688
420796
962205
93860
525569
522672
507878
523838
48239
156786
812227
290123
622518
754623
570425
787357
121940
148710
959874
529551
991787
494243
392975
988988
471184
944421
419896
349221
952778
48633
334035
243641
261217
246757
174837
952212
859553
258266
414226
997071
705669
806774
114171
215146
183730
728532
734321
147826
603829
88218
826047
781432
102926
398721
828658
950249
409423
327480
118686
527016
93741
531077
938335
580273
127145
836521
148275
520898
68023
84754
145810
803314
303460
553327
713265
38452
45514
334824
464088
221333
184790
925732
233514
80471
148663
55447
937386
218443
788447
581202
761914
539828
127246
784324
478492
532139
241155
235399
51617
769934
972293
195385
761343
504678
990239
260584
523766
615648
227933
996129
825533
247069
523315
264878
635693
149518
774553
833436
910675
548954
473476
800347
164071
888896
723246
931116
874322
575481
164864
458411
282045
256688
917260
539630
378320
191821
789287
295287
516252
513862
658715
657154
234022
747239
244864
96132
659920
852653
229044
495160
320713
995995
911768
753529
986582
92825
378385
761723
47522
867728
673483
43214
68143
57616
209310
672502
609885
389396
73189
396888
528952
942369
56141
251192
337990
612400
173988
555587
660570
990023
319133
776852
7316
121649
281317
935802
880614
978115
290625
740184
365790
445962
684409
976603
290148
69368
538220
167790
138945
692466
670476
805848
858698
136437
387088
505386
395948
958980
669208
329748
674942
366115
642044
530568
764647
708928
795656
509087
194414
494652
101919
605315
911389
88243
729982
820030
557620
978064
463677
455172
195103
219718
428772
153837
826460
953673
516894
22948
410972
945798
946155
238914
369457
225221
265843
956431
196514
142368
36683
172302
474498
812378
22798
920489
996686
704959
40298
76504
98613
408366
324838
98071
447805
775525
347517
691706
973690
266818
945804
579679
513927
538598
953631
420683
203400
332588
518029
139786
720159
747559
653721
916909
447917
949392
95080
203429
42394
118299
998834
733280
44311
66308
750163
325082
851684
617384
538981
113465
623028
714084
954509
194486
641270
124090
850678
624578
332114
260226
518895
216859
22574
618307
864561
881386
897621
429767
537240
809960
994989
203645
329156
462245
658027
603690
171099
672892
736285
498493
151769
917923
503049
502615
58699
926697
341264
910830
851539
908632
524977
524883
827581
410517
420860
311725
150167
298047
418825
682635
16543
368874
349357
704920
933312
151719
329340
870507
218069
899429
488921
477328
533198
396654
615164
802570
668754
646400
229068
773203
414612
410668
84150
717754
524246
360266
508187
992452
880167
92014
849069
709974
116366
608514
927435
646114
739072
991363
266442
190296
600051
8609
525437
100719
242392
513080
439695
613772
841869
503583
214219
700770
170145
569748
92433
162325
518309
200443
854083
72667
735564
143848
599674
778137
595055
211541
498455
215362
577070
65703
743792
133425
191756
532314
927795
548419
226193
889519
989413
442238
255873
425733
257048
637806
195587
462381
903576
54406
382721
224512
271667
985612
919373
735306
142562
497970
777844
196400
917017
92352
428996
959378
912964
151142
518669
773635
418183
812622
741076
383080
478990
594713
43142
629978
203984
802262
229057
705320
30812
812309
578238
974703
35818
778238
243935
609688
555910
657750
246086
893999
693153
613129
456351
443666
214249
755804
390164
428106
618704
999565
923063
804467
457754
386453
350224
440044
108991
447875
472300
232179
342116
471902
476249
167221
285314
973358
472381
138222
345442
990256
668510
141061
667540
93834
380125
744462
558456
525417
60233
192473
159023
574663
451504
404051
464650
211832
758256
924165
969059
906789
105806
169125
948401
260540
128008
774216
374413
260979
33612
47123
921130
84651
744010
674999
228802
339026
535170
451912
549252
185392
273393
767981
253093
473404
18781
459153
66828
537406
279764
414759
438014
413249
669628
815939
298862
266530
292519
600865
454928
947338
161545
607951
479558
101671
205886
290666
55675
869015
63144
9603
254221
242737
256379
516812
17322
291771
170212
17329
293688
911540
198729
317703
479454
893291
983451
103623
694637
31710
657557
982670
697693
140322
173749
363630
164236
574032
892488
221407
659495
424714
85957
196405
773181
797210
147585
681809
450581
392263
940809
171799
914295
828414
312796
496737
951133
522214
38329
473362
157947
886769
59888
151977
121046
173760
418427
912323
58578
519042
209658
144925
225009
435002
778525
735342
952328
319136
918094
832865
255973
154814
259887
48008
791282
494734
674451
384643
273338
781587
716433
640301
982877
850782
855711
171382
186652
810500
70958
926782
239984
196971
699507
148170
968881
879393
89576
997266
412139
391961
316512
231381
320422
268458
536058
456832
532525
855039
669890
412285
410734
374358
357787
879268
148017
509751
450185
144728
917800
663061
854925
224055
210695
430283
253284
168470
618817
141035
497793
331218
789592
886624
767910
201253
700848
69284
935029
169402
777530
358555
776990
456797
516194
145586
743836
991225
126134
906857
242807
450752
594571
303306
201991
718591
977089
742354
835041
735443
433130
462777
885434
191738
982435
752839
546272
21261
633502
56181
623280
825108
742273
696937
819072
2567
599864
780745
382800
38660
604450
974303
554083
825655
584435
600360
798514
134632
461223
996106
76358
861059
742578
392309
659109
321529
239294
604863
99340
913280
931795
742645
455038
642376
12124
257157
878873
965625
393012
520194
51691
896369
542242
959482
538651
518052
516534
241778
90992
998056
578952
553088
439884
796869
460742
912170
792910
858947
190236
277212
27259
150799
318314
436339
501098
586186
201788
176038
974594
632458
691414
229282
920410
464312
437507
37891
797057
211467
677279
918614
459966
620214
636578
366398
272362
149227
546387
282678
497591
118839
257689
22826
109722
658264
541535
23242
757335
489466
412849
525527
740459
398414
374765
668447
874097
939384
685460
632466
128665
157550
514772
784443
297701
221326
82812
290829
141885
914204
188375
203771
341657
624709
208516
160593
357796
193638
17226
466002
723032
236013
11477
366170
38651
767715
508939
938382
360039
681686
482946
53899
564567
681870
764689
464631
704778
850696
862540
35050
366029
159529
373872
41377
651717
748295
776164
884180
679159
404059
341894
690433
561118
753276
212735
113320
914630
54827
607173
23339
249603
946411
522878
534965
312406
646783
274223
327622
374889
771183
898509
966073
565100
875475
920794
221951
280174
819142
15809
320141
274307
490504
365637
918829
258593
206423
518109
532032
958762
451357
421509
637502
184849
475051
529637
345428
947492
896268
13735
962207
236795
283083
779279
318869
538721
341052
605905
171620
777899
403811
207647
232399
934430
256966
694902
401047
449769
889992
239116
46945
249034
384297
274494
23349
693778
195405
874929
954609
196218
104977
184995
823012
509907
744299
571390
41431
144312
400449
928794
742003
415172
521119
764430
242323
490203
858691
969550
341551
322436
777396
505395
854293
326703
91603
634780
223043
329763
328247
820853
670424
131971
577896
983734
912118
566213
164756
603858
813409
682712
827116
755892
702198
163439
772828
821860
559930
591961
124500
461773
942678
370529
665608
727447
70156
388849
795113
496476
485550
38541
666110
435882
374690
443641
834037
275600
600540
443257
530666
201249
191741
436038
511108
994954
523584
316823
291035
53235
830661
725589
809925
618111
160671
759762
238411
914589
366220
597956
336430
294478
541376
376036
335093
322980
129066
648912
35273
399833
509011
879337
453142
883222
954509
425742
664453
565038
818912
942757
621858
430578
990454
280026
615002
481317
873256
215615
336997
862105
522588
278939
823445
69824
934666
361027
389457
75191
304882
123928
253232
304786
51212
847133
121946
590007
826718
199806
475681
484349
801493
191123
187440
197360
888129
487412
325827
727522
301675
195722
705740
158981
465982
774249
583320
224869
692795
639945
852244
107550
519147
289038
222964
36618
770017
512700
740592
866193
628016
609282
698914
17803
159447
902794
936661
333217
910813
553840
260197
120535
212928
33433
732547
551306
369725
723333
582677
800912
882349
108343
985265
913084
997346
456045
307817
972076
485077
78206
518299
194453
941942
225182
47936
76811
834454
992248
289232
317873
885746
491965
961328
551330
363167
769210
287988
679429
771007
891522
63229
491086
78000
488920
453743
717010
447673
804871
985674
716155
644584
276494
29337
139763
638519
328437
67431
449932
950217
228957
686748
590274
715245
481480
346443
364741
334114
421115
61100
472852
187586
382812
777109
160732
4887
848339
77949
619295
890422
412623
728885
877814
216948
709818
782324
565374
492506
535297
165366
692004
714819
175115
730436
824310
129039
367024
221452
716439
530524
271249
930946
413706
745024
410267
574503
512431
6366
339937
517985
483762
531946
879665
497856
617614
721980
992638
594716
252397
916705
201324
828893
692283
623750
458371
495399
481697
513692
782823
528969
640165
103558
24316
187852
973356
915545
917658
815062
326009
290177
352997
372823
593926
939371
572402
615531
715431
64081
692500
765551
604367
463820
784530
779038
130805
35813
838645
189900
336474
902326
794086
595558
597530
913257
888082
708484
72828
14056
902937
60808
516321
881479
568841
985326
848050
488703
771607
675222
80205
272309
26447
970069
739067
763056
946385
921302
494696
991822
650735
129227
1042
657154
166518
434969
718414
299547
204108
707685
933313
427782
529891
978645
706104
855667
945904
350204
572508
750619
961205
928741
688451
112949
978897
459321
96897
135329
484277
651077
243500
106876
372079
235597
352463
94874
909113
773659
25453
157789
796368
10235
770730
14846
348094
467349
732518
318066
389730
399086
99538
485336
416234
872848
939055
280912
214893
796844
738647
415111
46792
341137
239594
284395
542112
39032
538088
329688
188977
385920
153473
848281
97524
529829
657232
830741
531915
879562
838221
248026
825938
20223
340274
115953
330737
237595
581121
575790
81426
572368
868741
10784
85618
738236
110679
459392
800053
384836
657771
390888
64913
680886
599225
465802
845364
786721
112516
180382
634966
238878
450165
575905
491412
891412
756503
295407
301251
638098
891869
576053
427671
4209
215142
796233
297283
800554
148886
474430
564245
330356
135615
730635
227556
278508
55824
751033
706313
163125
362881
366918
578591
34816
575849
235426
316299
141696
358511
383166
951196
33665
238485
881585
145236
537028
526673
315117
693251
30090
96873
172068
854780
590161
852008
930932
806293
29297
598494
564793
150484
858143
114636
221829
971496
946473
673062
346598
814240
146866
430971
455152
291857
81091
340227
554627
547383
416935
817769
980363
500499
575591
477023
474394
310897
748955
126195
498298
59190
423457
871135
519716
585335
797315
983898
15230
68098
770921
743531
725467
179473
251645
149335
336928
39868
322249
589986
597000
920390
556849
37627
293785
235815
804027
496420
37423
560423
773441
775648
133453
389787
866902
907641
198302
665924
319925
372522
228426
716615
251601
892652
976612
622729
799619
614993
507315
120149
720512
137577
545507
688478
517943
457753
449613
18453
404781
503128
366192
818703
612400
923887
990147
222195
630173
951883
859172
123882
758889
377529
250264
314064
92256
569178
739767
644677
487158
503369
59796
955814
77227
862282
594677
740762
31839
507456
740192
484966
211458
196849
946287
954987
310699
761314
509987
922704
426398
168640
880295
888542
404600
393827
403474
513467
338044
395550
880147
598658
64770
373956
144937
203758
796021
243900
690690
965200
116514
410660
108267
165095
421540
288076
661910
140838
320914
187260
774942
571255
482860
560524
452125
468341
743606
773430
890177
292006
554727
633606
854498
564802
814286
319017
472641
333460
543800
140095
2282
981038
835364
17873
910080
768265
670976
336111
895718
312735
745852
823428
669039
771724
945724
737383
746605
162425
29368
165662
419656
464550
122189
361466
773809
55441
323666
74693
144187
738907
744222
473434
695264
991944
866066
61876
246243
377682
770380
546134
300819
986139
307864
996765
860173
118892
452304
529118
865059
9805
969412
50444
201687
20142
209277
466705
904275
991090
671735
892498
620981
551015
889499
22710
242796
352363
592715
683317
404018
898034
766098
69281
844057
389179
789745
294303
837612
729758
766359
732059
121722
374796
277383
733775
606624
652150
726901
328511
435393
537364
451416
287403
897571
823263
776539
555662
791528
469548
691302
629683
456100
857743
949780
700781
550785
847304
522915
873212
962632
773723
963294
252320
547984
207350
854694
131155
697514
394675
895444
591701
940091
9199
180691
517781
674439
841323
238182
369096
212192
904433
335222
268940
311710
9980
422570
861000
401056
179502
418505
297800
143900
377795
559727
149764
464431
949175
738277
270249
444495
97267
47502
767591
136357
756180
322187
715132
715033
18830
696452
179326
200607
622766
348468
326428
878612
581513
398369
685102
402686
984262
735317
249441
638713
648399
204923
464121
218917
984027
362539
741158
521809
679794
521081
141810
474223
10564
299862
105488
842752
213706
866035
112909
582519
797111
380552
85064
176230
246575
162791
73289
522938
730561
252622
442471
17114
849400
569724
839791
441719
261595
996183
982769
220360
871590
423111
597970
420985
400839
679967
401891
524806
440243
924886
487274
302089
383221
595127
637803
483071
689784
366302
234665
633876
763563
664384
906096
605740
785384
539700
319146
834086
91458
388455
202927
461228
562896
815959
666493
682374
437982
488208
960525
626900
639455
866485
341466
883058
268816
67272
121639
887714
882848
32299
919533
330866
790680
757552
82297
487058
536478
483113
912872
42433
205950
572045
817634
588756
725758
210328
780288
794537
834015
392826
225186
697385
646267
914955
630654
900583
598806
89948
187372
168860
617033
875272
770235
471333
844177
962665
78743
152975
256298
242770
266702
847723
179073
688246
70992
501169
328325
260290
546368
658903
837556
950293
402696
620933
353072
854489
936884
141861
370433
620121
543286
458223
360718
260115
16086
741207
557814
232276
756069
250797
849965
785173
799582
512193
755542
728459
95495
220314
163558
144586
618135
649902
230549
931807
299645
444585
700686
574694
424084
904831
376706
253573
592072
554209
100326
403291
9663
933840
462334
531651
371024
437261
505396
721391
864114
609392
240181
593462
102466
262742
382484
593442
95633
855727
507149
348225
98990
381074
273970
904564
481774
869404
49949
526255
117719
343446
550830
339885
399548
68967
248759
87105
353358
615116
409971
318793
113593
852247
910636
317059
414455
144678
769626
230176
470808
389337
975274
128190
683758
328247
633270
846918
604460
261691
672970
681236
629507
582009
675177
748828
30087
773763
431412
495834
963085
618575
98168
530928
195117
597109
979528
820011
148186
78587
537423
79536
530412
410887
25939
787995
84427
261876
720224
909186
250208
269689
8558
463047
826979
487709
42581
637418
71269
279354
415837
280797
280757
244022
21660
72496
857266
704380
477080
590531
121851
192757
770715
684622
405494
889612
29052
863789
653504
266722
889149
801691
925010
836258
382132
526551
161907
488529
382281
828084
802848
747063
366452
473614
120582
995987
764366
652122
48591
197261
212476
680445
28757
271647
298654
25210
546892
585675
769575
259330
688097
361334
392596
220708
219240
474044
16567
354471
638451
541120
761319
592
496063
918257
934616
152668
817902
216650
460025
7025
267054
492092
621703
259865
847090
476590
391036
326627
411995
16256
983031
451453
279890
698044
160569
261667
575889
693827
660005
383195
726374
223217
754960
39069
374985
68812
779829
599074
98383
314711
428534
330726
40849
319840
898821
69326
238230
536931
471071
674488
748051
352886
757624
322496
722958
475737
430971
533888
209235
835677
554059
41878
890260
738372
912714
926698
62828
197247
909739
549015
929673
988260
514441
510421
524167
531798
732843
598440
95619
661076
162089
124309
337815
940277
145332
832472
695469
925821
15856
986659
414874
398139
802810
85468
789014
494418
974690
513639
238219
713586
978984
962755
71297
28582
195845
140061
142394
772504
996493
298049
417336
446669
596275
939579
878067
114326
355717
714086
35168
402746
175892
181169
279387
413673
664366
505574
839886
50655
945144
783984
696471
196302
452391
833330
721249
794738
154138
236138
134740
362839
499991
710761
614305
824853
74118
912497
721938
918958
18319
848090
535099
551251
756533
609680
402968
528841
29175
171978
699132
998796
299018
378714
237595
242880
605016
678582
108753
112423
584790
343242
77457
55369
518376
878163
432519
506520
649141
958410
910902
484103
660430
990111
642687
291946
353186
512588
781236
438245
81547
953786
241563
462541
780195
672952
425208
827180
935857
481091
615466
35675
570154
808435
653441
297956
210074
333222
332232
310861
226648
389321
487576
531197
364295
783545
369780
130177
834328
157225
385953
726189
418972
19975
268578
241918
319159
527003
606529
472744
280817
681844
957041
279725
566490
905781
486113
147842
647777
918809
170568
388818
269948
297469
810459
929919
68552
36812
120443
510695
307399
945016
435367
91638
8769
55666
554970
182085
684349
608071
1029
93945
854078
735349
529194
352587
192277
385576
502020
725355
656414
893554
770207
608567
947617
627725
511179
689498
855809
453696
689572
230402
81931
691046
240222
690351
530698
66663
847742
635104
617795
421916
500517
101075
282879
132495
566324
921237
941071
3033
956204
915651
247600
555081
385644
949970
278873
959921
846278
981400
829976
60626
492143
876938
488649
327583
255473
185095
713949
349439
120191
486080
941081
599485
657211
183844
347279
532980
610254
934428
50082
183051
685148
887351
884677
613162
142084
258186
305574
369909
859905
227299
710632
883268
952974
613527
873453
790094
65132
803836
381157
631320
523163
391666
253739
681651
202737
788043
753937
565787
338323
982666
38203
765536
676274
378529
6488
174759
499992
212331
501936
113352
580756
256933
993152
139361
629791
592165
146736
493783
918037
664080
402426
66450
670805
488104
400475
368323
156581
717425
28858
228652
570883
878810
538351
547306
382857
653564
863483
270982
287664
2609
492709
105840
92914
364218
309043
92885
339581
918110
637750
959103
300805
313047
650301
502669
251578
679865
558472
373340
405701
740922
531449
766987
301379
433041
96668
452163
833093
195982
978864
292126
250890
959990
623831
600956
522143
475966
34700
707175
980771
164849
781382
282897
955546
192609
547411
289978
17655
432495
730475
170824
4882
187833
199051
162337
427867
24151
389496
616239
152325
972758
918726
199981
677576
856376
758918
113067
624513
348082
537070
292728
825343
766631
910866
497085
745475
856894
54843
754217
535910
201905
170123
728580
786194
889081
159295
975243
547876
238631
522259
14230
34009
371983
824424
409733
454350
11526
78292
504126
664501
310371
776115
802474
214694
444576
538083
770474
656013
151376
681207
705048
740998
763965
724042
440985
476221
969130
992446
501945
350839
697798
391745
540088
542554
975482
353777
706558
848813
253149
300281
28622
686626
435513
199721
622631
704310
186747
244903
340022
284939
108979
859711
625205
516450
647530
550396
15795
613039
875548
69333
564975
485281
675723
169553
568250
503619
960966
719380
848167
647046
731435
897977
481606
712125
210368
51521
255025
936145
544860
388264
963593
620850
791827
18786
321070
801117
913490
483877
405407
288973
277072
319007
35811
67520
463368
537243
574535
556913
790371
864685
130705
275913
24134
223024
965154
779715
17330
135714
157461
762274
135162
71081
113987
223390
531526
432077
778029
451097
305415
695531
700279
626872
408981
186212
13403
721101
909317
370703
322346
48056
470989
384744
901000
152202
912959
849138
55952
275345
257871
638191
901277
70118
836140
410250
143343
442875
790461
222191
540580
52674
651283
237
242548
810807
2398
579402
88319
869467
823830
878931
475523
181186
498847
311463
906855
278308
98343
370159
252727
27970
192357
739205
182712
586610
348106
525746
569499
676838
516342
564994
997509
368540
844820
272550
897753
184559
521865
992168
420468
35926
59410
227315
961374
887138
998123
336175
581034
523641
16119
264125
928361
24363
535136
385642
551553
398825
364516
840783
615586
92543
255954
172738
434422
988400
299988
708170
682034
577682
737862
406871
818476
248862
181515
221989
750983
155304
63457
496748
482553
439531
827930
700662
754020
289709
967462
994497
948601
554685
594211
140285
108626
977610
614895
63007
717642
690083
855251
943644
875706
387082
530866
142491
763489
757993
461171
386174
115318
755611
396594
115357
880891
850105
699638
491224
412156
800624
39868
861161
197243
104381
97132
982982
388855
635723
123753
652531
778049
86656
341757
685206
478894
735072
553197
982122
345368
878940
223386
843139
840014
962285
379643
458682
434874
289635
247229
700864
574268
506897
996571
896120
649516
929169
456000
939856
631081
196874
448610
844977
751515
695465
369805
806794
235430
457097
937385
76819
890830
490655
22681
582800
289185
652919
639890
213505
331205
627951
825380
256269
897899
292478
903261
574740
308619
139795
916005
357637
810828
205000
818961
987226
84501
597728
265129
472523
803326
149249
778922
553999
371159
45305
692570
419274
627697
812683
262748
508861
573514
724394
885799
717768
417934
788732
748178
912550
357702
838023
848844
491085
557155
69310
916939
969670
739836
777838
28034
287869
459037
586393
570831
213846
764644
878729
459580
709739
37085
425899
560450
353243
728989
557275
905912
436887
375975
749531
588358
485796
109853
223057
220943
715924
846648
902216
40607
790975
508069
788323
653125
494175
264324
7084
751728
552944
230620
327744
453831
602909
869690
423652
111930
736438
789595
773176
301103
296003
128909
827428
482097
61101
521596
191495
340048
896095
794485
647746
818622
852832
370204
821920
383949
222913
567598
712356
395720
944350
690956
240447
840740
947057
766187
635662
493577
494793
757765
494614
717718
846634
95323
956829
963777
100169
928847
83716
854302
905418
87507
916120
154223
577269
535279
337137
831542
215508
659067
755427
500099
674979
675421
405522
72594
391009
953160
520267
991170
706828
585743
70048
815250
414314
816067
16457
344217
898869
639582
291793
691375
682357
15971
620075
538778
604766
48878
310509
117294
686284
164236
817300
44535
366182
231755
207265
152114
837538
694876
878553
618993
963151
845147
299479
497263
846447
978480
630481
435565
885045
509527
698143
952469
983557
102864
27538
881267
484786
649700
632800
752169
654080
633205
613564
227742
113352
353789
158672
136407
195965
122304
332924
572428
74088
972905
83527
521623
368897
746659
268655
24968
574933
458396
623219
339647
102617
707277
836777
114383
869703
480028
514788
119528
828170
706551
817621
830076
204948
335724
69886
824386
433417
28432
470555
964145
267704
548998
861262
507034
660329
101466
298855
515144
920535
929249
752540
71528
493670
28712
681326
577140
26411
989332
822134
317035
389527
75784
236987
730720
661240
758318
937127
247489
958766
722054
454051
747502
201048
200136
976118
354101
220574
345860
964238
617274
989598
660515
759669
7375
138027
974414
286044
953541
645066
531273
334861
939121
809048
764192
933967
243055
914597
141542
265245
106765
591520
116674
803882
429700
577397
872940
738013
257269
875946
946124
129374
764136
307835
396225
585646
948542
524144
702777
904658
663916
251001
56148
258025
676635
794056
609017
519664
835394
401444
448934
686767
108108
6574
297604
886093
132158
932717
478163
603974
108666
802238
20962
273040
790134
677051
411947
268739
129365
477134
384809
493011
34254
103400
66510
804061
476609
807884
141900
182730
29291
768868
436660
70885
229644
684993
109058
649188
278475
399992
218061
517285
621981
298532
266361
578783
639876
793085
161450
508445
728205
483890
43956
912466
461756
853954
626063
944858
796107
222076
511092
482834
236806
955133
481005
214527
688434
825351
782993
158340
516568
398056
54007
72335
113780
642195
667488
191232
757071
296046
134818
274036
111585
459658
602679
394906
159463
290282
976032
569268
561910
304072
587305
319615
358952
626241
766993
293899
560978
943497
800197
689409
120538
966853
640469
99314
363324
618689
948105
826981
497332
810367
845323
495892
314100
392083
964064
166361
974822
111504
945771
324841
852422
436982
210303
904178
776956
770362
915128
947989
449914
100248
809173
20667
957996
946165
669160
174524
145032
716615
106740
468250
774830
294295
812563
171354
673753
233254
660832
372083
456144
924995
86484
887902
763860
50063
309614
93877
887247
405141
144852
469981
622451
781742
180533
470374
756888
191418
513874
461664
718042
714168
573087
692665
224002
819825
927306
525650
13588
684309
272100
371274
248927
92566
911919
954092
794120
677258
772467
811568
327627
764376
547646
604087
619258
743914
681147
587892
993419
108753
279581
306376
214225
88068
318073
292822
760202
877437
809180
909644
30517
898036
128410
24963
830993
456591
461026
537728
476196
559344
556041
217858
293659
494965
525630
894825
793137
26660
915768
510976
17828
478552
781026
449813
459997
602304
277536
402861
608483
61678
204120
785341
228627
668798
465747
532609
788232
521562
522110
651997
221057
337714
633109
246657
398228
259737
608802
214617
541665
401729
742974
177450
922416
421122
331397
512081
182003
611714
961583
806028
191869
647071
176603
768976
81938
922962
760485
405895
340399
504432
236792
571550
890383
311997
774722
109496
989446
440960
539078
272230
81805
689654
721260
128554
671966
532601
160622
921247
110164
396673
589849
808660
666819
116103
746210
953511
710377
30715
251012
696959
442521
215691
701264
240725
290150
889433
309993
68564
634850
626223
811453
48629
250006
773474
298369
952948
179992
193246
329084
984631
410293
853283
838137
906507
914364
483414
891815
123915
381807
70871
387514
502143
824600
57192
743231
737454
420155
99999
809310
582291
192453
863974
488939
904267
342323
149296
917976
205130
271810
964054
867134
958482
265287
970306
561843
556668
92122
561625
43491
691639
418870
405948
320326
458756
903018
366236
818315
457290
432792
464006
821728
245415
211850
909157
137105
95336
126247
221184
378004
890007
201285
873224
754384
803629
654748
664789
172462
468291
115429
263105
462600
26130
689255
827308
484651
479792
137342
251140
710995
77232
318316
733030
414172
168519
381219
454338
381731
826353
608966
447123
728263
500183
785246
232418
108112
838716
936170
252566
536662
955125
25822
484874
164810
866823
949760
13861
780735
232511
692723
674938
511631
367816
661752
732905
326820
836407
969698
472162
170086
509149
796096
598784
416070
347664
940012
23157
31293
342091
10732
940452
62854
426569
695018
488948
796699
817494
551248
654939
371677
83743
336753
575264
192304
850469
807058
3007
14356
450946
915061
792246
596415
961667
540915
542473
222488
795238
112067
623616
612606
300334
761579
536741
436631
366543
31022
313955
409076
36678
791054
348743
537217
180891
980658
817547
505442
784650
176906
273598
536168
660860
989928
750769
754525
550984
492976
716733
98762
335015
926315
830779
265944
49331
86953
131120
854640
690602
348985
864974
82017
712387
4627
691431
786422
117279
752468
404876
650484
862289
269628
734580
730037
958167
574263
618536
955605
757760
554886
693653
700829
659717
516398
809789
352548
259315
75184
421574
917753
477438
313417
595280
485430
646584
638407
82895
639424
382463
133251
78882
320742
861364
617460
644764
930909
480063
545395
418279
978339
301705
830160
42758
291617
53015
946529
423442
716295
620598
37261
190501
555519
616616
664404
518882
759592
156034
883849
225234
360717
502202
470889
534298
330728
193720
102816
766174
688888
859757
834010
338607
647552
838618
840823
754869
153500
778154
874169
152581
459063
100201
930870
321471
181385
480748
946077
882171
276392
47770
304972
249395
50723
300493
584459
793580
227316
644566
429673
583166
64817
2054
882717
512280
705994
280712
20984
814174
676106
40579
118187
528223
8969
137346
234274
279159
137560
62589
102078
672449
305181
181169
206542
144612
568329
733887
644177
831886
66081
587378
613304
675978
367710
209007
399113
335322
394266
761676
828903
672831
299346
834513
616818
24867
249417
370430
555744
87497
338180
277704
653253
66003
87666
140846
932912
613910
396843
824644
943650
741843
136112
335959
454297
557220
220123
892791
338891
369376
905034
547244
850090
175716
654216
852778
899038
665184
441904
981911
315286
514512
285025
156110
744590
864675
239606
510951
454909
139519
388694
284465
333765
805837
9178
457813
460348
273616
938717
836173
113929
862480
716541
532738
982359
299862
428807
165188
244030
778608
403181
981209
697516
173182
557812
993320
624267
209489
226085
36951
38838
378615
994328
242203
434157
499760
63637
195133
361658
697784
531201
734591
385278
823646
855893
33689
122670
282876
918304
912279
136527
363015
303115
622597
350623
166343
19679
606058
635943
737084
118891
553524
713769
133131
999792
366886
385493
108857
931855
542852
595035
750883
896538
614956
706425
740744
770990
413410
473880
283213
90962
695580
604086
42129
990539
982283
852818
965552
8575
949882
322306
335173
1999
485280
861493
827346
272676
883131
651325
637090
880475
907022
730499
426670
562944
985195
76760
26238
960596
242949
812844
961371
125418
561541
437555
980217
504931
184406
394785
182142
982996
485030
929848
693678
728658
129768
764906
212686
187801
868369
238987
492086
472924
216599
635363
117944
551387
170784
434461
713481
953992
478561
265146
328329
94773
455686
232970
996096
22190
479701
635707
113539
323744
161210
720674
87275
879398
190076
770298
395416
406947
952274
48550
581222
713972
821775
106535
426341
773897
440958
736128
286230
47459
200284
962138
29935
55288
694105
407469
204262
388858
710749
767574
410833
835433
268767
401465
884853
81652
36298
607218
675987
724735
907641
580447
562439
513481
143873
682136
85777
644961
94615
383436
777923
483912
313287
129110
682409
310163
255037
890195
745385
495822
73093
10954
380403
80881
180899
270574
938383
27223
797316
129915
695057
994318
777203
589734
349495
919287
947555
497263
33447
873138
260563
625478
465858
600372
352650
525176
983722
439386
109513
135270
232149
381327
317407
520
173615
799724
616525
249301
162092
296359
613091
426062
636598
536609
884030
241022
670538
597736
188470
49352
333463
818281
601223
212770
827011
967232
875468
703518
838981
607250
183814
402285
986332
949544
271550
956955
770405
31417
164369
127015
118411
615363
452015
782062
898148
225971
341351
838906
968639
139747
346551
940499
400453
664633
156637
655227
839757
414357
619138
142995
103288
745034
220110
627271
411489
821601
511848
972281
762400
586386
812189
568362
30368
4374
129393
867545
21591
489632
411318
974076
45737
115241
234547
181083
955370
462840
936619
667032
259408
831215
103972
817522
875383
794002
265166
776719
231575
69643
306710
964622
836801
319426
203427
295354
644836
449899
715771
188199
249898
256277
563054
160445
125060
255162
862326
878313
515234
794869
924684
918977
612515
557874
491885
76979
182774
745418
540803
263090
172235
246529
390122
692815
322219
614439
346750
854456
517143
122081
260421
550426
294639
973181
127376
71834
456202
55564
91486
374592
708488
306288
933029
32731
85224
472293
232273
801158
877103
913726
41198
987035
24683
695812
533482
360675
555679
621554
37372
888073
401910
748022
385465
484959
73709
995641
911286
827168
926852
792156
64762
92970
671021
3398
761496
231544
206688
327610
491612
321372
950677
898262
453719
341219
205956
93746
438600
942092
662216
585558
222920
761065
816353
881212
986594
495383
660936
742197
559179
474880
519199
398783
53596
514378
357728
598925
923422
373245
726756
470134
128637
497487
897308
926951
606123
805947
280401
228495
979924
568233
53977
703988
348351
911954
689932
636031
994274
558303
7925
220553
960225
925367
413371
613569
625879
606902
698840
16381
745541
821076
384552
486436
347752
820331
713265
766189
878402
750641
788509
430758
830324
433793
730902
670363
901769
204390
735239
666176
37504
957944
687511
30698
360541
845418
721954
423341
321486
604498
569948
104869
154182
670989
905123
389340
41921
709227
47953
918485
626776
144749
145978
281861
101170
252300
503208
753441
220444
50914
925719
552768
690764
87570
810592
246693
311743
902080
836366
665963
313525
973685
503473
389896
421944
396697
439324
505860
24276
165690
625375
704837
523930
405308
896100
161830
690502
10296
879763
179147
885187
218611
523710
231466
916794
888675
52656
585889
651202
664302
242738
425999
936012
588809
59322
275657
767957
340427
608491
197240
867990
922213
640272
380967
754137
481376
436231
29765
221546
840716
386261
557854
327583
626904
237516
385600
518917
835964
167142
409960
823424
30704
965679
909082
138180
913774
9010
80373
819577
128772
809748
95323
309180
421828
545404
200147
885994
723706
670535
823418
249106
996812
388101
359124
464182
373928
196981
473299
99779
747214
677257
420263
285790
548106
537251
532062
955325
659447
275435
217872
403539
527983
413287
72455
978246
338365
974951
136093
462394
961777
324392
977209
794526
341689
907326
621679
612472
720427
507116
8863
635648
608282
733506
115223
701660
141993
966952
983618
426763
656999
570182
496544
611178
902490
53340
55537
886914
96279
242625
548895
545350
967370
204730
364322
745832
915835
652843
307729
124362
899412
75383
84207
666862
677715
969995
590893
258362
362832
959823
209634
236874
225980
657485
498608
193490
725056
876470
396799
100993
733245
174322
16100
391273
674289
503035
871434
387888
221494
732237
561271
914487
711525
933857
102858
734761
532355
603977
496859
349423
700878
300564
300065
82921
943098
136104
703954
484393
5961
847929
122172
244790
819768
577077
170113
84679
898395
395987
756094
343324
23413
720403
249787
102923
943802
517240
126740
277641
859157
394147
611526
478705
548919
228381
553767
75320
503644
627395
748582
504581
867531
369858
369015
17440
393501
135246
239897
147933
393381
35059
936830
689611
113149
887258
800209
417156
802742
371810
320674
1723
451556
980517
881427
648112
449165
48315
684701
775210
988573
483205
113710
186505
908118
457769
791528
438776
869167
590132
465547
557660
262276
542561
31692
786946
214455
349891
200384
821868
522757
444520
171916
244436
403352
620105
666241
700947
35960
29454
633334
852659
331799
218895
177646
481318
765672
157882
929607
988775
344580
330257
685337
981928
703152
401372
218152
259942
41986
495751
144835
541301
995323
603160
222174
192238
195690
943350
69325
339057
165810
757201
622729
952701
481596
173688
596890
756272
77209
89361
35566
300308
804165
404130
205138
901229
474282
359924
835151
615
819302
738608
540392
637741
386700
211106
920462
523086
114442
137981
192953
327335
860153
297896
26808
992146
116325
323848
714878
300125
395264
660540
434994
314053
639963
920750
539880
270572
560780
868073
429914
108412
627458
337217
422065
282631
245108
389351
16975
386692
655019
484865
915318
142012
97422
861497
34661
48730
213033
912909
415014
842775
866008
568395
814171
192673
989244
744915
251417
597508
180705
771656
379421
522368
450421
166657
488755
377631
92895
648777
681960
624239
946997
284803
545575
666749
438021
239513
138950
966747
7684
271124
164961
727332
756329
632951
309785
668999
376694
5205
168004
486678
976315
646545
675029
397860
797210
274070
388841
743121
990186
49882
511432
491237
234476
333895
774443
652925
149268
536854
890449
542390
420144
158624
508876
990635
487578
991117
804464
660903
815539
628755
183032
354094
608348
466729
969669
580837
339910
435473
320194
629341
484529
94145
694892
285465
459364
484709
856307
801241
840616
614389
901318
748842
917805
340838
470237
43341
667324
905514
186497
344748
539176
409960
74447
251212
286081
823763
421764
256767
437028
295619
458886
832167
866045
156993
914353
216554
911850
544064
836825
379113
120331
392228
765349
108983
435463
282395
451617
262249
572904
228937
656552
817509
946334
835839
805586
141544
235292
20117
493771
764677
369660
522061
648234
945901
399035
455824
277369
539788
145910
610399
864677
920259
280237
817911
997638
841760
208554
815984
750808
266711
702071
786692
153144
698755
457820
354569
410704
254529
639979
187359
477870
521348
790908
220791
572376
162775
709769
465228
913084
227336
820414
124816
847257
628770
646559
304626
161530
377815
210572
559722
644697
999546
849479
539138
847573
276036
997060
666366
603321
555306
913423
602264
62101
306843
112395
563302
44576
807245
945583
421019
208437
610199
573650
608692
523251
461445
162238
455435
125210
454653
663201
962958
978029
44515
566667
910764
881908
390402
273898
496240
771068
873950
39134
674791
335403
542909
869185
85202
856568
918480
608211
846903
667161
320932
990590
58770
867591
774314
892849
387462
725524
389543
250604
2763
657179
817053
124774
666867
35494
328837
150906
758657
576014
710858
763614
930572
275150
731589
352932
966852
451052
925936
569109
90517
769967
280012
278852
917401
631892
528082
950704
819839
171163
794676
821955
923321
856411
589429
625555
620275
491791
692973
785696
960564
283925
500515
786553
108979
301809
424672
8464
544223
106584
784342
960895
974768
370718
787520
137505
833161
599323
217810
743249
637229
531152
853805
273844
490326
675888
71496
71476
262675
660979
969559
510619
549672
851696
688966
971316
760544
269663
53133
811659
891830
698273
306361
728934
839744
600481
752124
893579
883737
262816
474823
837867
66289
579393
630641
245264
565080
547654
82876
505038
497010
441154
742271
386545
980594
237972
606755
359504
647725
557443
887308
947362
220559
871703
953295
656028
785673
334121
877711
284844
227029
788779
771018
648826
620314
119004
885655
292689
712834
289628
454279
522787
326740
943965
976059
752819
215004
340815
743342
953852
375068
498667
366207
725279
507504
352147
209915
305992
952138
279694
360777
574721
817013
554584
324868
509222
615357
279939
881293
563403
398635
90704
204710
159142
897589
595786
355718
51302
154528
512775
640963
781278
815251
3837
742112
885998
696202
43299
653988
641041
323119
36644
760897
95587
364238
722727
238925
194679
825346
107016
101438
193453
857478
515762
95882
512273
124370
27583
902420
507537
393317
95504
805356
33722
576139
468899
200189
940241
747517
19193
541436
274781
537298
592759
932319
608744
126399
144918
594193
477304
36312
211966
796004
531875
738656
252210
656930
127650
811728
749444
771018
243824
17000
688160
641507
8489
658765
898268
355626
382893
404230
229084
949055
496744
71011
659928
734327
166315
387778
997497
213182
965892
91602
472469
32935
952794
396272
723851
41190
693468
702665
679022
284820
671015
289873
526516
844763
132290
31154
380273
932023
438576
972593
956629
388202
902572
327432
656514
541810
75765
353764
861519
934484
687142
122272
936853
947220
678115
193774
510988
29074
186761
490069
516514
107045
311055
166464
367555
617284
547275
368836
376195
421614
333724
409007
182369
111341
257474
967715
442330
954611
934546
306606
650659
443791
724960
558632
969116
566336
690284
678227
609957
35631
675593
281614
417638
598254
250688
219805
198644
555124
649011
740097
419592
995164
48732
575296
580016
415279
420571
93644
180704
708193
512539
841006
796592
113357
821637
978526
816836
677187
44908
255922
152156
376048
81115
872982
764145
618164
569818
843525
151856
3967
846249
14062
791327
134149
307787
344226
203811
306449
748692
161573
965246
33985
356206
987114
936724
594914
836921
310255
533915
398938
620913
441756
939494
567536
953035
478118
541271
157502
122076
998752
386893
49704
702452
768639
966247
879792
68162
473108
324323
56502
400344
730112
224406
123090
398173
264679
185264
996706
613595
258996
955568
90663
657484
570041
291973
207490
58688
874207
284069
386195
827676
801593
352823
85167
980603
954696
90903
219604
947056
790560
375079
911400
765293
830975
483102
235339
27589
341709
219191
250813
958362
878114
824543
871251
862355
412192
252332
56
629188
537905
428798
326837
617117
738897
700997
298498
417702
462551
51515
245709
624670
933659
726928
69432
508048
894065
933215
135769
342307
922562
930278
456338
292455
665108
314492
381327
317132
511015
483226
970401
294550
720188
988804
342090
435160
967349
11719
970638
854708
949014
87048
865656
700601
743235
14802
958837
699955
166040
936092
985200
610498
603554
57292
571445
370573
165140
162083
591997
644564
290179
771730
129551
88585
376428
965653
475875
717050
224854
133229
604352
995711
994997
936356
541297
195796
949992
762529
75935
559397
384580
841525
225152
681364
350809
264247
342898
353722
167568
649565
167977
822375
844201
458262
319158
157567
424953
482074
567073
627819
77990
914965
727543
751819
319324
95103
235577
579476
339939
135273
17452
612011
7247
986704
515772
263127
378175
793344
174307
500672
482403
187482
548771
200148
672799
685260
245772
491355
391742
360037
312270
327072
453809
100748
413363
567353
487801
838783
404350
5639
33406
611900
371735
704044
414483
428516
914923
853353
286433
307997
272563
952367
128563
535892
207636
509881
839189
828066
393548
653626
978913
497438
41644
829381
254444
20623
583540
723659
844738
739908
153109
940816
703358
78454
429211
189472
111338
489562
961437
348405
343387
988137
18354
381251
340070
284498
98577
122194
417485
396552
741804
323361
181447
662014
301225
243137
116343
26565
711474
340063
201201
770607
99265
886065
204072
57254
228419
312721
191906
937067
1947
964315
443873
171479
304492
473633
320552
951081
73710
986070
379091
194698
595858
882850
649752
682882
865787
307078
448921
30090
64596
335568
281918
465813
475983
390897
645019
519313
17819
732949
379611
954693
131923
868371
974348
107617
504553
456436
732025
562189
20105
390115
446626
760499
250805
280507
733815
346771
432948
730770
758439
228897
557445
749695
455118
974843
300765
825064
365668
524094
603578
314463
889011
974506
352283
975098
192794
307103
378615
199484
706672
240273
288618
570217
299623
518191
707413
848746
881338
204943
489290
313023
258828
850081
688933
47137
703018
216629
98767
206527
564490
123559
882359
254023
114155
865360
512928
990059
239732
944694
309392
372069
241025
578751
441068
863308
745992
459158
974547
591695
56734
680234
732929
590466
219607
477608
149348
892956
786577
269952
301007
257462
88724
195047
151848
761448
745244
289112
771381
579485
558002
673639
591788
550999
800623
847306
408606
41929
921173
252965
2098
325557
506849
777271
953637
363642
649236
235009
579654
274417
51338
865805
427312
643453
864016
986856
953781
57790
711211
372604
520445
848571
953484
244883
263221
363724
70417
531016
759799
528294
529822
647387
442211
413143
223144
20833
623821
608252
731731
945301
80034
836527
212097
934311
959835
119728
429837
609710
285749
486809
726626
931963
359288
174044
917433
82680
575402
907402
75595
48835
168017
973979
395641
34314
534788
607300
144513
707233
610657
609934
824630
743566
623937
553418
98730
447339
153995
70270
874573
85263
388970
561809
691208
981817
468833
30736
899288
502025
719098
744128
958588
100401
907954
74465
834094
383879
999516
682342
993692
950008
257149
163822
205863
925054
406582
696516
117370
368467
211779
274896
516750
802562
844501
241196
17743
528932
566411
899295
214674
995119
219938
803670
246212
895281
406868
59431
939347
353115
328997
41687
379755
112916
243728
867948
51920
355871
885129
926825
16160
958547
639341
62199
929323
325201
20462
870490
775624
485973
840345
638865
940212
337218
436979
359179
537852
159959
594301
267134
420864
625914
819236
540851
953482
908546
159054
960690
952509
421132
403714
599167
584933
607987
943012
973384
414292
806477
170717
242220
138400
453761
342750
894273
547647
255037
98992
389193
514360
607998
485516
127004
880280
101120
887343
942175
632049
606516
885558
840288
147982
769171
365591
99737
129465
64310
23277
603188
333018
492180
736379
796563
209322
371025
57204
731884
330859
656730
675433
856817
793307
416063
383016
816577
945540
710913
282656
573223
38391
105916
907242
820815
945929
300293
123459
492064
371251
179835
358861
942204
611705
53490
227749
389690
816789
50199
850803
900446
682498
664992
882777
521909
549460
195306
535760
494701
327105
894389
460512
290662
29902
789150
41507
233715
590102
556690
457565
440754
540602
571881
678411
451285
719790
964623
962903
725409
657821
24887
92230
796457
186901
475416
774358
392068
772243
357319
959956
873723
859575
250924
740979
320988
368697
48561
784594
833975
436453
23006
958397
309508
313691
380052
210521
96524
680136
96448
641726
286317
336034
507097
597325
284474
920920
731557
32009
394881
995442
89097
333289
410407
724946
670044
132133
70065
993367
590686
527761
356407
503149
442916
680422
188669
538744
63113
10568
427699
924980
48887
144783
278167
377572
952759
155869
53910
39578
259333
187718
358848
272356
497563
255002
708692
226766
61051
473703
99946
777428
737419
24024
600885
757916
686735
622039
232087
937631
403442
64724
945640
537885
29996
424929
247999
429810
381455
907779
600730
853948
787849
577141
484675
384766
210914
33078
818574
379566
407636
242928
560620
103479
886983
510578
24083
81181
195316
103965
559577
416074
967881
351117
626456
592139
69635
154636
36851
722957
770842
887525
118796
815018
917809
175332
763534
479947
591666
599881
158640
52515
933862
921177
183785
722668
207946
654298
976792
30772
879564
359442
967243
199155
101076
807403
563252
881124
963387
619851
802266
766750
143941
346849
310808
106980
689039
256017
4322
321889
161755
80820
160009
561525
86457
724846
108509
929184
686932
207935
548345
600940
555813
681251
846105
690108
799686
868145
352651
664130
145903
669447
725666
842996
304295
119503
383681
655136
20569
51757
970729
982208
886265
673466
561210
236700
662056
125496
727589
747064
669735
733075
601556
692163
285507
325975
789763
88929
876499
625378
869663
219555
909316
59196
556793
385623
456885
849818
785058
207271
142724
581310
110495
813402
555149
95576
990500
10405
918695
588888
849740
447111
56901
270335
250226
283395
663474
17619
169213
535158
543868
408234
631326
29520
301994
258126
402843
138845
893943
738246
424017
724197
951502
155269
324777
435359
90337
267085
181371
222496
411926
918167
77800
666777
299143
597198
186676
16175
487166
302616
758761
654914
872695
369279
530343
626390
209326
416670
1543
753836
756443
193695
658940
795948
401843
682530
999281
154567
274019
276281
880061
801409
203530
531789
144313
29575
857018
994652
771440
572562
964596
759709
798141
153939
702633
965664
69957
735170
879635
560861
652059
193451
814429
871817
503028
790253
997846
421612
238695
9513
266837
744849
974848
522904
419594
842873
788761
296
907837
164108
368712
710515
61841
894615
790444
258615
743623
114881
126618
826068
557800
66910
66018
392517
581524
17229
425052
580991
672241
449711
440420
899414
310507
596277
134058
384031
156063
976771
101547
496063
535556
218335
878889
935814
154792
100082
147314
774536
446010
577782
722444
648063
964267
648380
425997
87648
759623
194011
494302
159983
302963
324397
491697
565842
977398
672251
482261
363068
329231
825482
283299
740005
565222
172796
261041
597368
414263
526049
564945
979924
568578
559589
599542
714456
143522
839920
647065
853323
261334
513099
21847
508367
412827
866244
872280
68659
530993
50480
21863
451860
97166
114822
232178
91097
559570
692220
319561
91001
93359
138325
636820
741007
512813
181731
228727
622995
299902
653931
455885
533539
860841
970387
660112
50531
599049
651810
302654
801308
161071
652401
983112
467383
942465
52052
858349
979326
678768
418362
932104
242929
775867
186652
232428
700428
5999
451296
725768
91282
322193
266486
678006
701655
497674
153989
812485
889507
84445
837793
707391
191273
527793
282582
350541
26793
683705
498248
977907
73290
889147
579232
717479
996342
239205
446633
538467
883585
532975
637077
922782
214944
466705
363007
655559
584176
504078
88877
172910
541815
646161
560152
802569
932106
541979
181814
275024
831579
328759
817805
240953
114097
222080
922717
477474
18044
909201
163087
521500
231495
997728
436839
604824
589048
876534
775753
859037
382841
779148
1825
47655
15982
759616
956303
774125
148683
705598
356118
258350
696643
520829
193389
318594
703116
685420
567721
200128
829770
805003
687010
977738
824920
17382
750065
785516
942031
809588
820105
778480
866434
165675
95940
342650
127680
611946
363695
196551
869360
789052
619248
69219
12025
106029
951067
161950
15091
676382
941734
166115
789245
459406
349005
884428
761055
779654
492450
591728
13554
981270
710999
263541
137700
954239
988471
949138
437305
656834
783844
281777
851264
632288
148499
992111
252519
448056
886473
880510
973627
534006
906554
848031
511124
60534
529587
144548
31439
487214
521363
732976
783698
652913
191591
513160
90426
676595
30017
917152
170080
317472
408047
784004
183225
616392
36062
947766
783076
488368
465300
103942
603821
270161
523983
526388
338769
793702
768690
732198
598713
460882
655964
161138
388007
89032
851297
648524
37672
505281
431341
373774
32713
470305
906765
236533
902619
159035
366895
113728
226707
915147
966769
637401
947553
816461
250692
608411
742777
782292
139566
14382
225797
863865
626219
564394
155984
967524
465768
530159
83573
697129
396951
394195
704738
756243
353072
390965
943500
305625
905730
438427
136721
230595
143462
501204
476480
141138
273647
706874
350579
852579
522561
393641
736613
200219
651967
174487
476737
689814
262960
611442
790911
196686
419186
849347
459672
886564
204329
42938
963326
155776
355907
501781
924857
310641
108881
842348
371931
221048
982832
312033
728496
748348
445307
210054
881656
87911
545012
579143
661073
361031
894662
410782
540836
630735
120963
644983
948491
857738
791344
612322
234605
146650
784783
371452
815179
255986
458425
760602
114355
678320
664033
491254
853220
859037
560516
100193
99047
701095
474726
125165
586997
646708
737650
807593
297978
772507
520634
775093
206877
453873
620265
407221
818492
980716
681428
433044
295547
273015
425668
373282
864528
81924
132824
32413
343711
96020
536227
840022
767956
525870
187933
247576
182487
670874
879428
789689
762628
539112
189553
472273
188918
356893
938606
669744
583504
468813
433308
674835
759563
615840
982489
998001
95343
855735
156819
946415
472760
846512
342592
857728
783330
388102
759180
984906
601456
777224
441527
772976
345133
143057
310199
907278
175938
392519
505758
343512
528259
806647
168209
692704
305414
411130
20728
344952
795189
581492
474983
623774
412024
801599
336574
186378
832662
251045
349601
9254
165946
204611
611550
386544
298108
103720
376289
523723
191733
146186
811481
384927
866563
284599
395643
445402
59024
724473
542720
271696
93644
467433
454755
474419
275972
432256
399695
916692
905687
737557
548423
516251
403206
189356
115177
43127
916169
400538
569212
513999
784708
292122
10979
280685
636456
673716
678005
679753
533177
457614
367225
128767
809039
983681
997300
276404
735803
833342
842251
618387
442964
265448
597768
960492
457438
188687
159485
52698
459642
746678
214716
404927
254412
958497
166260
977535
372515
578434
379857
596312
234177
676029
221155
646727
900825
664670
334252
230608
101403
193563
356132
527802
828849
379635
564222
289127
425664
75594
804657
414667
644748
517435
211732
258535
606565
335528
348404
182101
276566
269904
475788
429237
803650
308081
518747
39826
905305
445545
830778
406938
721583
615846
324796
27476
22110
388244
604496
526871
670462
858449
875790
262074
62810
905724
949388
564672
666979
791126
818054
116386
232737
41472
613575
936082
605892
781143
795451
155297
973147
43436
281163
477319
763238
760398
165061
965783
64038
346002
873447
722742
753109
575514
703684
108986
356559
296657
277643
760927
657773
836190
529341
661120
707832
765486
480592
492712
268287
953232
217487
115289
965321
337148
484513
818423
186858
901833
147601
779246
706232
561468
388565
443809
785093
642096
866772
880832
459869
48877
741482
282319
879722
588616
268655
118880
947199
934654
39935
51637
262442
527186
670594
758485
419885
435907
793665
267527
311445
595279
529672
89379
959350
251282
100937
68327
28081
924644
460210
812386
421143
509410
929370
423595
652756
446561
952638
160322
847796
479785
931825
606460
856122
270833
980099
375601
553326
858421
921645
780584
641436
966893
303545
284918
312373
813347
592385
503242
229141
961996
994134
332693
689926
11457
205261
615270
160155
187729
843183
963303
523751
796871
475894
206806
703050
955454
218669
810585
547885
837970
811163
301616
221537
143780
230851
359288
783286
946696
747621
563842
45033
824688
753950
489094
349947
66880
147579
648298
279332
601033
283027
560586
737371
837581
463858
35666
886213
224067
812714
839132
886803
523656
165153
770169
896698
584616
356454
2737
239226
653535
462421
309115
3313
544114
764176
68388
601332
587385
113295
439699
907680
368822
609446
600984
608043
865575
359762
863303
640987
504272
326094
449336
147554
57314
549748
14180
674854
81647
196626
790684
63773
752585
600186
974153
381349
806861
826638
893258
150285
683546
194021
212462
317442
505696
657245
248802
682755
783074
449856
27658
628777
86819
328239
651220
972031
530402
940906
764675
72026
389856
578244
938850
586694
951504
60991
191446
766397
628217
296779
254157
518441
748881
277631
186315
172986
278106
888335
154900
241547
774208
445351
698650
975116
933955
728756
602061
871180
352530
725368
496138
975916
400985
908711
370413
587122
418966
201874
173145
886943
527261
517283
215274
816520
863645
169295
953341
982793
351613
852292
292811
778948
979781
90974
899704
296939
910356
198766
26541
471317
175371
973403
878592
169387
439118
705644
713635
848639
383672
784032
639113
449959
231419
23415
680141
622406
643870
802313
616111
82294
335635
546061
476396
187526
448287
221038
983229
452734
782535
771010
420801
305388
996365
109256
522257
116587
91022
994911
911945
35477
439723
40316
451202
303944
808983
933712
125584
966516
55603
418994
420015
593594
165316
979411
814435
594853
920238
958364
569513
585831
584648
748147
951164
490152
620027
263250
327893
518588
312943
347958
322287
670096
479712
759791
470201
102467
22562
996464
144488
747461
406596
727498
661569
98904
739306
336247
262795
166456
533394
757409
818622
182668
470586
54776
71437
150220
251520
232360
955324
623552
509666
493597
149571
797210
875890
74949
773134
249215
410952
721480
296462
348248
294230
394430
942979
225529
685737
889221
254016
839783
212775
242509
865083
635870
120967
184153
703027
532518
582675
479192
241465
708205
312470
954933
521760
27564
307294
194780
377272
552993
221647
410475
534444
666690
39113
775192
329612
43812
685482
848948
810795
23479
326962
540553
375148
299132
715588
274980
944429
793771
880087
247538
708084
872493
972560
977912
407037
539113
956100
182053
740403
290257
35280
577263
727883
979084
877877
411487
324269
57141
953422
689460
218680
958507
956901
609945
776918
515664
456536
272924
867187
387688
934035
863791
427029
795466
1849
637662
839901
925556
747142
128866
796898
456511
592528
199734
651357
713688
73806
946483
491413
310602
115769
57801
745734
343585
36111
881680
663201
444116
163495
76514
421150
709128
143368
703697
203371
588835
593372
126591
606834
532230
519161
376779
906675
889430
791476
140736
948769
304530
130397
566460
138547
839171
834116
112228
25326
342297
442157
371046
589426
27672
566655
175396
172152
843011
44681
849995
35500
913537
96522
46184
426012
346042
107083
683589
393686
257157
843420
739381
715167
966420
377609
867351
132461
563555
259163
451325
217462
301807
19036
461089
523728
145358
970197
708817
342141
637535
576206
102796
263943
982271
132368
766200
772934
635129
858645
430820
16826
285683
240025
338422
792681
949867
666805
805515
665053
941292
305613
328310
613503
658394
529400
204735
18556
367025
965641
284424
291250
669732
427829
434037
608158
626792
197487
124895
150475
85570
268682
327094
265181
779878
15232
759191
721876
471930
544430
760280
104429
643226
254352
790626
276714
628187
285219
725385
297137
859140
705236
99266
798895
452313
885698
370235
468196
853312
843850
651334
173508
836591
764880
989646
600199
535395
955726
954755
639720
424916
470943
972926
906005
780742
516665
627661
651112
570551
844252
566948
202857
691311
143639
407507
177706
410522
905669
948143
902570
300816
379645
881411
474879
458894
711278
191522
208281
111625
749348
734103
913148
419666
866351
179155
488132
521212
758869
981196
904880
271107
125444
480349
358060
986295
279702
929727
527990
222902
198767
387052
462605
454610
790083
478945
119751
356211
341065
379330
953693
399108
809120
212376
462477
832869
546914
791249
872244
390567
280303
691983
30497
34338
889861
59886
108462
653136
305148
902298
33853
130856
521038
311464
339867
312112
823848
925928
188807
189312
363450
169518
668799
32171
813766
355376
822322
293873
299145
17507
190941
153670
33352
258205
426758
563186
922947
971619
326558
360839
489851
439060
281906
208940
331937
489861
673181
658900
279484
225995
6621
893028
332933
882384
168761
826309
750269
792055
708614
398709
658882
881285
27534
499742
901254
893196
650968
591182
684505
123729
417892
610951
798229
66826
413579
858152
267919
485251
815271
559489
449051
954361
868571
752204
968252
186786
727117
598112
248169
407984
713748
847459
432282
967725
675450
723600
376078
526304
720616
552585
343600
571436
178263
104518
880078
383254
595900
854938
828936
576977
145343
914230
776172
6525
553163
348243
279992
193946
416700
755579
250836
475033
220834
188049
720115
121301
515611
14071
41937
506866
600224
657831
231595
984209
69226
406909
190654
865270
588521
501677
489771
747606
891363
872409
922761
805365
522103
55608
132584
758783
827968
743641
753229
145338
227592
901523
626003
336676
93642
284343
384019
559585
307879
258066
10994
460073
79803
450571
526414
518188
84722
297740
331417
949451
542797
421189
203767
311741
474944
433939
166633
85667
925363
286242
661886
924548
299006
979155
838859
253637
408130
152658
208225
355600
940454
833706
267063
635265
466431
968928
921329
410679
495487
169902
526663
771358
254042
404230
270889
6952
263065
480401
66129
694907
468163
930082
515455
631126
189705
775513
482346
282878
901835
469488
582452
839994
80680
369661
707589
338456
940625
975814
898724
495562
68978
174880
600664
418294
394738
586486
101751
527819
850910
195935
748350
923983
213121
573728
585684
150533
299331
139251
495012
327033
814095
104554
228748
510894
160130
939132
586761
616232
846223
133421
930102
304711
953115
567023
86073
188315
224524
898878
547979
822034
512835
576050
897857
925427
225419
308000
569368
542390
101852
401484
177758
858438
388929
239493
101686
347939
800722
835058
202529
779217
472426
770020
155524
783707
62678
817410
46948
236666
449330
601020
133833
216435
600573
698456
282880
420665
314000
172185
429837
196785
769761
359073
214644
810495
989762
210863
481946
905478
753590
985506
218694
432316
285933
165585
65468
546763
319683
210054
253628
601832
166252
59844
601945
196428
931644
497461
387717
602427
92902
514979
732868
961861
517956
828051
592687
35965
599433
16932
800638
52744
132399
985182
76818
714351
641785
687964
636800
396422
44814
590998
980537
196550
142568
438091
607023
688881
499060
353158
508306
820254
707935
514686
170199
319913
882304
489600
667383
436296
412675
937523
521835
813234
473572
16396
258566
51638
34619
593879
842269
875174
331042
764716
801027
75074
915393
975148
291860
473518
1829
894656
882748
555389
122773
982140
461486
586243
913911
588854
510395
681042
736946
857807
914797
820179
91434
224214
42702
333703
331994
475020
584787
667187
68750
732533
196033
491651
758423
548058
700676
946895
680054
377523
123378
629501
859922
334216
645968
56823
420486
584324
287139
757543
392107
43054
984867
490490
882729
94414
345004
704336
123602
944447
900566
221863
97927
542038
498006
183907
341904
626319
516730
185719
726022
418389
290503
13393
798510
75180
428087
704506
908732
941318
918415
793288
726146
792397
202805
618166
666569
937658
255460
76408
158693
528827
681419
940584
855854
373483
932584
915133
508393
458983
206536
746402
609839
301427
946173
180129
303698
889960
398104
253801
990410
137460
847768
135313
516201
357857
801310
322088
90550
152624
63181
975389
507788
748867
90560
784681
730758
146826
684730
240084
599760
327730
507282
295467
341568
637424
957891
495832
964804
222196
822992
942921
120027
592927
942645
122663
972147
993344
484004
466281
556087
687277
898744
901324
426077
504358
898740
834849
625659
209274
506644
323816
898803
63908
665466
938668
970493
844934
620299
242054
538181
571708
219072
584812
161772
997660
392459
536753
593395
14050
120804
401556
89177
66974
781656
245561
641493
380027
446992
136648
43669
280624
400214
23529
944310
618044
355971
924058
929610
802553
17085
116794
166346
972212
276056
863419
96889
126839
941782
385694
816780
665877
232565
229746
211
159399
935714
409954
363697
46080
33642
120407
359817
434946
907801
617738
867490
332094
853831
350263
976045
476145
105067
802737
168278
591468
372362
392146
179040
271845
795408
215120
950086
771364
79740
210968
812486
296660
772795
912450
15776
271944
168810
260827
276215
480027
278988
497065
188246
385851
930057
252658
239962
469687
17649
548621
395547
479942
588452
587863
674233
346778
392994
971991
489076
260937
214402
256230
395849
420247
922242
753890
520897
879029
782159
813556
35794
660197
463880
95869
475941
604513
112206
421167
87586
323481
249350
317248
3710
80317
319467
111668
959022
292386
762425
320692
768745
60878
774883
764722
811053
390331
343707
790241
536052
790529
792368
949658
12149
368194
936020
511021
593361
72838
551374
829463
460238
85995
333180
396376
835663
662688
72512
561256
875266
472196
844099
249859
590274
45369
435967
67111
328080
350444
464086
197458
225200
625561
352980
732080
454163
543632
742519
548140
492152
997162
279954
836529
434617
851427
614314
730908
267305
887964
287662
950892
376465
536021
829079
424590
76279
444981
706110
432448
786224
687336
469930
941799
933738
160190
622618
249215
94103
275889
834703
968708
903363
522081
296247
402772
493761
540377
314034
37893
471003
77421
140201
661198
250576
56946
942631
50971
44253
571484
50713
722250
302862
97308
380287
737117
182872
339431
342724
894446
752069
109468
688809
606295
932483
663773
596722
977143
682425
555843
797395
881422
8791
2658
411130
522907
190460
204480
8262
589420
301560
889621
225625
68299
853954
762496
512253
395893
752282
939863
372769
762889
978236
112528
672444
13051
475516
304086
92890
302638
58054
629456
611486
919929
958957
75316
690188
97711
366092
97829
414509
732759
103003
96844
336278
806936
433602
447646
456293
809058
446956
604168
318830
202625
17473
31685
462533
698735
683833
350444
242420
118623
971000
215667
907050
368641
516596
722301
986099
348550
322802
936666
988181
400986
777830
292661
948928
568352
996992
38609
787457
408959
876598
583095
142517
811311
917213
392429
913873
925549
481745
621733
263672
547881
534505
310921
980562
147901
303816
846503
390882
520983
959513
23697
167979
208562
141633
777162
484473
494658
290430
444435
66046
3089
976635
589596
699560
186804
552172
147231
161125
283025
90450
925827
487433
448023
465077
253823
510313
378428
853448
622051
621608
310532
869746
645584
129111
215899
519808
524171
895226
926032
294161
338852
806875
859524
796404
364219
606715
638880
701630
895189
552028
11075
943999
804972
970363
825468
346996
56949
987272
29356
446917
63093
980028
91997
464533
842870
337050
311805
128582
34316
466645
889511
584556
128690
960201
930736
985075
25184
277333
771915
465027
668144
233140
676194
190820
719992
732896
683529
318407
409147
366483
550212
840999
746537
471396
444004
746956
137397
272604
374836
533814
828754
28632
724307
644200
862533
912064
23945
229313
257297
904190
383569
615912
933080
795773
512200
633409
581960
388335
892510
726432
362276
421968
132679
508843
411883
315351
842006
889231
290147
988838
409669
785453
21868
816548
879295
150057
797842
786307
341514
635602
525301
499073
458280
234221
14105
285306
542503
471040
346163
995774
838388
476351
41980
628548
324190
497146
239182
644400
719086
544277
698712
449572
292235
855037
211004
269776
633883
465506
261651
894286
676302
783814
75615
209551
577324
18305
44259
549855
113910
786764
323976
669564
187285
695318
376029
586497
72176
863524
360465
393816
701714
759451
699017
371890
306648
607331
945404
271418
810803
1904
718144
849394
326552
721023
296687
519195
813864
313048
130623
157414
744228
164286
153770
269110
423994
313230
378693
270938
878744
419835
776451
96099
950723
315807
550559
519684
490524
277556
883377
329603
1049
750047
312051
62022
899962
683260
598210
584106
946557
400
677512
408369
354440
85858
821378
841026
315216
989002
536771
727317
635195
224925
63715
184846
650431
306564
412284
46969
343698
612729
886405
660699
774759
191224
840892
977169
975666
154639
946425
98298
601099
87256
25423
894559
685476
95679
675097
763162
850058
453967
403554
408796
629516
615323
868184
463464
535313
773375
37589
713158
178826
855442
965289
400816
343200
770754
706828
188219
603838
614494
600234
269497
572828
63233
820135
771283
317158
239718
864544
