45
94
102
124
327
525
542
623
726
807
974
1075
1082
1248
1302
1603
1916
1971
1990
2060
2108
2289
2363
2454
2495
2548
2727
2762
2807
2827
2850
2962
3007
3013
3050
3060
3183
3185
3293
3405
3530
3687
3723
3747
3842
3860
4083
4114
4316
4461
4506
4522
4591
4656
4901
5084
5228
5249
5331
5465
5703
5753
5942
5982
6204
6225
6256
6417
6483
6670
6928
7100
7149
7319
7324
7611
7615
7641
7740
7990
8009
8030
8124
8289
8321
8339
8349
8399
8436
8455
8643
8650
8759
8795
8804
8885
8994
9173
9286
9289
9291
9302
9338
9455
9569
9701
9722
9951
10643
10706
10812
10926
10957
11013
11014
11126
11209
11311
11350
11415
11664
11739
12116
12117
12216
12577
12628
12637
12684
12827
12902
13244
13294
13426
13430
13473
13509
13527
13546
13682
13764
13823
13905
14028
14303
14373
14397
14963
14986
15014
15209
15217
15251
15286
15299
15912
16103
16345
16455
16578
16597
16600
16689
16872
16985
17053
17065
17163
17205
17257
17417
17425
17439
17543
17569
17615
17685
17687
17722
17791
17835
17867
17917
17955
18046
18082
18093
18096
18269
18395
18531
18658
18741
18766
18992
19043
19075
19260
19276
19291
19519
19928
20069
20140
20276
20661
20669
20678
20882
20895
21042
21185
21368
21654
21682
21685
21698
21743
22150
22742
23248
23259
23338
23498
23576
23631
23778
23843
23864
23919
23937
23972
24014
24055
24163
24179
24549
24584
24722
24755
24790
24824
24858
24868
24998
25165
25261
25355
25419
25461
25942
26029
26207
26225
26342
26350
26366
26377
26431
26478
26493
26607
26691
26692
26810
26905
27015
27038
27084
27317
27387
27545
27572
27676
27774
27841
28002
28180
28398
28428
28524
28556
28786
28962
29111
29152
29161
29494
29554
29606
29613
29630
29688
29740
29752
29830
29929
30000
30069
30081
30281
30329
30453
30489
30571
30579
30638
30654
30680
30800
30873
31042
31083
31325
31462
31473
31479
31533
31600
31662
31678
31691
31709
31948
32081
32128
32152
32290
32328
32379
32392
32498
32591
32599
32660
32880
32922
32956
33121
33144
33225
33270
33271
33658
33768
33815
33867
33902
34080
34199
34230
34253
34494
34588
34606
34608
34611
34644
34645
34661
34992
35019
35104
35445
35556
35644
35738
35821
35892
36017
36079
36110
36220
36502
36741
36786
36796
36935
36975
37101
37152
37265
37552
37690
37725
37749
38037
38161
38193
38421
38558
38869
39266
39266
39311
39397
39661
39878
40017
40103
40154
40381
40443
40452
40681
40688
40918
40976
41089
41102
41268
41372
41396
41510
41566
41723
41772
41776
41831
41834
41883
41889
42010
42010
42013
42047
42154
42339
42452
42599
42693
42891
42906
42965
43182
43263
43535
43559
43816
43978
44039
44090
44134
44270
44363
44418
44491
44677
44765
44859
44894
44920
44971
44982
45010
45040
45215
45519
45686
45890
45968
46129
46237
46248
46324
46389
46567
46624
46867
46903
47080
47199
47246
47289
47329
47367
47504
47583
47665
47680
47856
48035
48061
48149
48179
48294
48294
48355
48418
48686
48785
48796
48830
48875
48919
48969
48970
49172
49184
49193
49393
49533
49536
49802
49971
50035
50076
50097
50110
50187
50415
50419
50736
50912
51081
51102
51776
51782
51805
52058
52227
52241
52255
52271
52297
52364
52746
52752
52847
52902
52926
53056
53119
53134
53179
53209
53260
53264
53265
53719
53811
53834
53870
53937
54001
54015
54156
54287
54405
54438
54498
54509
54524
54549
54702
54719
54758
54968
54989
55050
55099
55221
55301
55383
55472
55634
55702
55875
56013
56048
56100
56143
56199
56375
56497
56751
56812
56863
57004
57135
57375
57528
57648
57697
57758
57826
57854
57916
58176
58306
58698
58707
58818
58876
58940
59108
59167
59190
59262
59376
59408
59473
59519
59524
59564
59667
59689
60073
60101
60124
60294
60323
60409
60440
60446
60469
60675
60707
60845
61123
61163
61185
61311
61367
61441
61592
61820
61937
62089
62158
62188
62193
62200
62209
62273
62292
62379
62489
62726
62729
62777
62790
62822
62856
63453
63473
63484
63727
63816
63879
63934
64002
64193
64314
64323
64380
64675
64969
65200
65412
65756
65887
65927
65950
66073
66210
66219
66289
66334
66354
66374
66410
66421
66516
66539
66560
66650
66661
66877
67086
67142
67149
67194
67384
67390
67401
67535
67584
67670
67674
67679
67796
67811
67958
67968
68030
68064
68075
68089
68094
68156
68231
68291
68413
68480
68584
68803
68853
68900
68959
68991
69047
69050
69066
69177
69243
69284
69534
69645
69688
69698
69782
69956
70086
70218
70228
70480
70587
70606
70655
70668
70672
70675
70926
71074
71131
71220
71354
71434
71467
71613
71841
71872
71951
72001
72036
72114
72237
72358
72374
72388
72426
72488
72545
72703
72707
72742
72848
72905
73113
73159
73221
73355
73459
73552
73769
73921
73955
73960
74097
74140
74182
74286
74377
74387
74470
74509
74587
74639
74644
74650
74772
74883
74982
75083
75243
75247
75484
75548
75689
75693
75830
75890
75958
76074
76599
76739
76866
76974
77039
77124
77135
77266
77277
77295
77325
77330
77331
77365
77413
77432
77675
77721
77840
77840
77901
77989
78236
78254
78284
78575
78688
78910
79047
79127
79171
79221
79339
79526
79542
79626
79719
79747
79865
79881
79902
79904
79949
80156
80157
80179
80185
80307
80320
80377
80581
80631
80801
80855
80875
80995
81127
81140
81166
81357
81389
81863
81923
81970
82020
82129
82190
82240
82323
82439
82516
82552
82628
82632
82949
83045
83183
83276
83308
83323
83463
83564
83566
83673
83976
84130
84235
84249
84282
84311
84370
84552
84631
84699
84829
84904
85193
85228
85435
85541
85648
85996
86109
86261
86328
86426
86444
86453
86580
86634
86718
86792
87076
87324
87347
87484
87535
87546
87588
87661
87683
87710
87870
87927
87938
87954
87991
88061
88187
88202
88227
88264
88358
88378
88395
88433
88584
88643
89128
89268
89327
89375
89405
89439
89452
89702
89738
89758
89820
89895
89919
89966
90006
90197
90208
90248
90324
90642
90668
90813
90990
91034
91182
91239
91360
91436
91764
91838
91852
92104
92140
92144
92520
92651
92728
92764
92879
92881
92899
93073
93443
93512
93614
93808
93809
93865
94064
94216
94266
94315
94421
94444
94452
94544
94832
94885
95077
95253
95331
95337
95501
95705
95738
95818
95895
96211
96301
96414
96453
96465
96677
96714
96734
96945
97000
97044
97090
97331
97544
97649
97723
97738
97740
97982
98105
98148
98283
98289
98318
98461
98512
98611
98811
98888
99021
99063
99113
99317
99364
99369
99486
99612
99720
99949
100088
100302
100360
100410
100411
100461
100779
100822
100880
100978
101058
101084
101098
101114
101143
101165
101433
101460
101483
101491
101530
101552
101565
102031
102090
102103
102358
102425
102459
102490
102541
102617
102649
102687
102741
102822
102961
102993
103107
103162
103207
103223
103225
103320
103404
103458
103472
103524
103542
103545
103907
103983
104066
104133
104270
104350
104383
104442
104458
104546
104572
104595
104618
104764
104765
104814
104944
104992
105167
105210
105247
105368
105514
105551
105564
105690
105884
105935
105987
106016
106027
106182
106186
106389
106541
106551
106656
106746
106791
106878
107288
107639
107660
107690
107706
107966
108032
108117
108138
108440
108692
108952
109071
109125
109203
109572
109603
109619
109635
109668
109698
109749
109775
109786
109819
109922
109944
110056
110117
110185
110195
110205
110267
110447
110485
110568
110746
110802
110878
110947
110949
111013
111043
111294
111692
111726
111805
112040
112238
112249
112269
112281
112293
112367
112677
112791
112884
113001
113151
113175
113189
113234
113263
113280
113537
113579
113658
113691
113835
114065
114185
114416
114435
114627
114677
114766
115238
115377
115576
115657
115796
115812
115865
116096
116321
116393
116489
116529
116538
116606
116741
116773
117042
117094
117102
117348
117366
117422
117476
117701
117857
117913
118047
118308
118370
118390
118438
118622
118785
118895
119137
119150
119359
119406
119611
119679
119750
119826
120229
120330
120382
120481
120655
120741
120881
120960
120962
121067
121089
121120
121195
121231
121380
121445
121526
121578
121587
121592
121618
121703
121770
122009
122062
122121
122420
122599
122657
122776
122791
122830
122830
122936
122969
123002
123067
123124
123178
123291
123350
123700
123718
123799
123800
123841
123950
123966
124081
124166
124253
124493
124568
124768
124771
124788
124827
124921
125061
125080
125267
125336
125356
125592
125833
125875
125876
126031
126120
126241
126255
126283
126342
126448
126509
126542
126550
126668
127130
127215
127296
127424
127454
127677
127859
127975
128065
128154
128446
128618
128629
128641
128699
128719
128770
128784
128841
128869
128930
128973
128988
129012
129159
129160
129171
129198
129221
129224
129266
129357
129387
129421
129584
129615
129918
129930
129960
130001
130135
130139
130178
130201
130320
130492
130521
130543
130648
130747
130763
130847
130878
131048
131092
131154
131202
131207
131242
131486
131507
131570
131583
131723
131773
131897
131908
132015
132148
132207
132281
132286
132372
132478
132522
132676
132691
132771
132931
133085
133294
133438
133455
133737
134032
134240
134395
134408
134447
134510
134790
134815
134926
134971
135046
135378
135412
135413
135529
135605
135661
135727
135810
135816
135858
135874
135936
135980
136064
136069
136077
136103
136193
136306
136437
136551
136694
136756
136779
136799
136954
136961
136979
137077
137096
137147
137214
137273
137418
137430
137491
137549
137988
137993
138023
138030
138442
138463
138468
138496
138981
139190
139622
139647
139685
139835
140055
140127
140207
140214
140276
140278
140287
140324
140347
140723
140773
140875
140898
141026
141128
141276
141299
141318
141349
141526
141730
141941
141988
142305
142334
142390
142391
142472
142504
142562
142629
142875
142931
142997
143028
143075
143115
143154
143514
143560
143741
143748
143796
144051
144134
144230
144300
144382
144426
144444
144469
144587
144596
144609
144615
144878
145151
145607
145988
146050
146145
146249
146282
146341
146369
146372
146430
146579
146585
146588
146600
146725
146854
146869
147186
147196
147213
147258
147283
147346
147384
147446
147702
147801
147946
148089
148137
148148
148231
148266
148331
148421
148540
148655
148703
148812
148828
148961
148999
149089
149104
149238
149261
149341
149440
149653
149708
149730
149799
149851
149875
150145
150163
150193
150310
150324
150339
150443
150578
150692
151072
151226
151575
151610
151859
151984
152069
152141
152162
152229
152343
152421
152472
152584
152756
153265
153397
153627
153898
154269
154290
154371
154390
154641
154752
154831
154938
155042
155102
155170
155201
155245
155419
155445
155585
155808
155829
156214
156291
156336
156361
156421
156519
156573
156579
156756
156791
156930
156954
157226
157259
157418
157478
157687
157786
157787
157788
158133
158147
158193
158198
158231
158298
158331
158393
158473
158487
158602
158662
158825
158921
159317
159389
159392
159398
159525
159598
159703
159764
159802
159825
159845
159861
159899
159919
160070
160110
160337
160421
160460
160730
160735
160791
160922
160970
161166
161213
161218
161276
161334
161481
161534
161632
161635
161677
161883
162012
162015
162130
162202
162414
162420
162539
162649
162766
162860
163015
163124
163182
163188
163298
163461
163485
163783
163833
163924
164047
164210
164237
164241
164486
164590
164731
164743
164818
164821
164842
164953
165023
165048
165194
165329
165386
165500
165517
165586
165591
165882
165918
166042
166058
166165
166245
166322
166383
166460
166605
166662
166706
166743
166968
166985
167082
167371
167415
167419
167697
167840
168045
168074
168194
168197
168209
168417
168418
168460
168506
168519
168546
168622
168676
168685
168737
168794
168889
169035
169057
169063
169281
169304
169460
169473
169489
169518
169540
169556
169840
169880
169947
170010
170086
170157
170424
170452
170509
170560
170660
170761
170918
171012
171115
171173
171280
171312
171354
171388
171402
171503
171833
171837
172067
172333
172421
172531
172585
172735
172746
172778
172913
172938
172967
172984
173011
173050
173127
173195
173217
173221
173406
173464
173530
173547
173611
173825
173946
174019
174264
174353
174528
174598
174782
174836
174848
174912
174924
174951
175313
175954
176026
176394
176568
176672
176703
176778
176799
176931
177202
177212
177255
177431
177447
177521
177623
177664
177830
178106
178186
178511
178684
178704
178772
178826
178852
178972
178990
178994
179179
179183
179240
179538
179572
179601
179616
179687
179841
179861
179875
180021
180400
180530
180594
180598
180765
180886
181129
181130
181164
181167
181221
181245
181295
181348
181486
181645
181654
181740
181757
181917
182021
182248
182378
182442
182619
182675
182717
182766
182810
182976
183148
183197
183280
183466
183577
183790
183979
183986
184019
184360
184580
184604
184672
184731
184976
185290
185345
185567
185578
185651
185778
185952
186058
186071
186078
186201
186443
186521
186769
186819
186829
186991
187110
187122
187209
187334
187335
187382
187441
187547
187696
187700
187722
187738
188013
188045
188143
188192
188203
188348
188561
188576
188653
188756
188799
188811
188815
188863
188992
189056
189207
189443
189459
189504
189516
189768
189843
189851
189861
189864
190039
190081
190136
190347
190347
190400
190553
190756
190769
190961
191030
191162
191266
191631
191639
191723
192107
192308
192413
192451
192627
192700
192712
192748
192882
193007
193352
193408
193415
193450
193549
193796
193887
194442
194475
194497
194515
194800
194912
194926
194970
194988
194995
195061
195129
195234
195361
195367
195370
195493
195599
195646
195672
195739
195758
196021
196025
196236
196273
196278
196345
196545
196593
196668
196692
196834
196917
196933
196983
197118
197179
197200
197280
197323
197374
197786
197798
197876
197978
198000
198090
198153
198294
198436
198564
198570
198638
198651
198695
198706
199024
199048
199101
199344
199670
199680
199701
199741
199944
200085
200108
200282
200372
200380
200432
200470
200571
200589
200623
200724
200763
200812
200860
200956
201098
201224
201234
201387
201468
201695
201746
201760
201798
201813
202103
202136
202176
202247
202261
202423
202512
202514
202736
202847
202851
202915
203010
203025
203057
203141
203646
203701
203714
203722
203793
203800
203875
203930
204137
204476
204539
204623
204695
204745
205090
205190
205205
205354
205449
205472
205557
205569
205589
205592
205603
205638
205663
205666
205805
205831
205867
205936
206107
206255
206380
206383
206464
206512
206579
206863
206994
206999
207290
207303
207350
207363
207442
207527
207586
207601
207602
207644
207674
207802
207839
207846
208044
208117
208141
208142
208182
208206
208362
208433
208542
208577
208596
208732
208840
208936
209000
209079
209089
209342
209400
209466
209494
209548
209698
209708
209867
209909
209921
210001
210199
210249
210348
210598
210745
210953
210993
211004
211229
211372
211432
211785
211799
211866
211894
211898
212170
212236
212260
212275
212522
212565
212772
212900
212930
212941
212944
213038
213268
213334
213351
213364
213438
213461
213528
213536
213595
213691
213819
213856
213919
214019
214066
214530
214548
214570
214747
214808
214850
215017
215037
215395
215402
215485
215546
215648
215691
215717
215984
216068
216126
216166
216305
216314
216365
216544
216588
216711
216718
216731
216734
217155
217165
217169
217226
217248
217265
217328
217479
217506
217590
217606
217619
217650
217804
218119
218197
218199
218216
218321
218329
218442
218724
218856
218913
218993
219037
219047
219083
219157
219170
219326
219497
219513
219615
219634
219649
219681
219865
220258
220273
220447
220594
220660
220666
220776
220870
220883
220888
221047
221137
221463
221464
221581
221594
221881
222090
222094
222226
222380
222422
222423
222507
222679
222840
223159
223215
223255
223299
223344
223483
223505
223561
223686
223810
223874
223886
223930
224169
224174
224204
224245
224467
224557
224776
224788
224903
225138
225399
225554
225928
225967
226141
226412
226498
226527
226645
226674
226749
226823
227025
227259
227378
227394
227478
227599
227706
227748
227831
227964
227982
227991
228011
228270
228448
228793
228827
228870
229042
229179
229202
229428
229485
229540
229578
229605
229655
229852
229893
229930
230083
230190
230449
230814
230854
231153
231581
231613
231733
231800
231855
231889
232225
232368
232387
232472
232718
232718
232878
232885
232922
233106
233139
233156
233187
233251
233382
233498
233556
233582
233705
233713
233861
233944
233996
234061
234128
234134
234392
234404
234410
234544
234683
234704
235002
235083
235218
235438
235643
235677
235690
235735
235823
235948
236175
236200
236213
236247
236319
236369
236412
236490
236691
236811
236920
236937
236953
237104
237167
237365
237465
237547
237836
237888
237997
238101
238143
238202
238216
238254
238592
238764
238769
238803
238818
238825
239220
239327
239350
239636
239706
239739
239741
239817
239921
239948
240239
240285
240393
240637
240687
241333
241471
241580
241658
241839
241843
241876
241910
242104
242153
242313
242325
242340
242410
242893
243407
243463
243470
243568
243927
244181
244214
244220
244294
244377
244411
244611
244794
244859
244889
244928
245193
245357
245641
245700
245840
245898
246060
246153
246345
246392
246546
246711
246729
246743
246788
246985
247029
247129
247251
247438
247494
247779
247966
248038
248095
248283
248386
248424
248489
248648
248654
248731
248983
248989
249008
249108
249322
249372
249379
249381
249413
249499
249606
249719
249828
249892
249955
249985
250261
250319
250432
250478
250494
250577
250691
250723
250741
250829
250950
251021
251085
251098
251123
251362
251365
251409
251430
251432
251454
251527
251564
251625
251636
251655
251726
251752
251803
251957
251977
252020
252025
252172
252307
252394
252407
252516
252691
252968
253122
253187
253191
253292
253297
253301
253500
253566
253580
253709
253756
253796
253821
253880
253998
254054
254149
254177
254411
254469
254771
254856
254859
254969
255141
255209
255471
255553
255649
255725
255783
255939
255951
256018
256051
256076
256348
256402
256448
256498
256646
256783
256805
256805
256858
256887
256999
257010
257217
257377
257457
257654
257766
257782
257867
257868
257879
257969
258054
258190
258345
258419
258424
258548
258700
258835
258931
258984
259014
259080
259113
259139
259446
259516
259609
259647
259662
259674
259824
259834
259877
259918
260223
260269
260327
260361
260375
260520
260590
260719
260749
260754
260760
260890
260927
261013
261280
261363
261371
261462
261618
261674
261806
261816
261909
261941
262113
262606
262811
262877
263015
263021
263026
263056
263120
263156
263232
263272
263299
263473
263513
263591
263603
263630
263795
263805
263853
264275
264354
264468
264517
264747
264771
265066
265267
265348
265449
265544
265554
265622
265626
265655
265696
265801
265970
266045
266083
266142
266423
266461
266515
266686
266747
266757
266765
266827
266846
266894
267026
267153
267179
267196
267262
267320
267323
267332
267430
267583
267587
267675
267715
267859
267877
268083
268350
268489
268521
268674
268854
268904
268947
269319
269335
269563
269680
269760
269926
270092
270111
270148
270437
270631
270639
270831
270856
270918
271093
271163
271222
271427
271612
271859
271880
271880
271996
272012
272013
272050
272111
272139
272165
272218
272288
272374
272454
272516
272618
272643
272790
273142
273362
273497
273589
273771
274001
274024
274089
274197
274221
274374
274456
274592
274639
274892
275146
275470
275634
275810
275888
276017
276176
276209
276384
276426
276508
276588
276643
276670
276721
276785
276921
277028
277131
277135
277171
277462
277529
277588
277640
277723
277810
277930
278181
278375
278400
278719
278864
278940
279002
279222
279376
279407
279511
279652
279658
279768
279848
279984
280101
280134
280347
280505
280674
280801
280850
280856
280953
281007
281091
281115
281143
281222
281235
281437
281527
281530
281560
281619
281645
281672
281683
281714
281880
281926
281960
281985
282016
282352
282385
282407
282494
282509
282603
282660
282758
282765
282887
282958
283028
283030
283074
283709
283800
283804
283839
283904
284083
284104
284143
284191
284585
284841
285379
285399
285447
285541
285561
285652
285904
286069
286184
286292
286437
286501
286607
286643
286761
286782
286824
286862
287031
287115
287223
287271
287292
287453
287497
287559
287615
287684
287736
287765
287767
287800
287832
287844
287953
287971
288122
288142
288157
288209
288367
288437
288757
288773
288831
288849
289355
289410
289594
289703
289864
289955
289969
290183
290326
290408
290430
290556
290579
290667
290709
291113
291120
291160
291184
291249
291282
291309
291368
291475
291485
291551
291613
291695
291700
291781
291801
291832
291871
291880
292497
292654
292743
292767
292817
292834
292909
292937
292990
292990
293060
293084
293158
293275
293359
293377
293694
293767
294137
294191
294455
294612
294698
294793
294972
295231
295418
295429
295817
296038
296162
296172
296319
296375
296410
296524
296678
296750
296947
297070
297097
297197
297246
297288
297618
297686
297720
297738
297884
297976
297982
298228
298290
298391
298479
298496
298554
298652
298839
298847
298945
299068
299077
299134
299256
299463
299506
299714
299805
299843
299875
299878
299948
300008
300094
300166
300426
300498
300578
300810
300867
300997
301144
301412
301562
301694
301713
301718
301902
301977
302038
302112
302231
302257
302336
302988
303114
303186
303203
303306
303350
303384
303539
303597
303654
303956
303999
304323
304422
304452
305043
305058
305077
305222
305280
305305
305305
305450
305506
305684
305705
305951
305971
306314
306619
306694
306723
306744
306747
306757
306896
306913
306948
306957
307126
307187
307266
307426
307510
307706
307826
307915
308001
308113
308123
308267
308285
308291
308326
308376
308383
308400
308546
308613
308661
308725
308748
308893
308911
309088
309127
309341
309356
309500
309550
309778
309986
310016
310033
310058
310074
310103
310206
310253
310257
310303
310479
310533
310550
310674
310748
310806
311012
311029
311034
311099
311429
311455
311503
311522
311534
311543
311551
311662
311723
311832
311969
311992
312311
312530
312532
312543
312547
312705
312718
312846
312934
312959
313001
313039
313056
313104
313139
313160
313315
313351
313359
313526
313619
313670
313823
313850
313949
313990
314216
314287
314313
314315
314871
315065
315231
315344
315439
315490
315503
315522
315529
315532
315641
315744
316102
316132
316211
316390
316586
316722
316874
316977
317119
317220
317528
317666
317669
317750
318072
318092
318429
318461
318517
318604
318816
318961
319029
319135
319141
319338
319391
319406
319500
319513
319662
319855
319880
319919
320070
320112
320693
320895
321070
321218
321485
321536
321599
321624
321648
321745
321849
321895
321904
321907
321911
321978
322135
322242
322258
322289
322309
322577
322599
322768
322787
322814
323123
323157
323256
323265
323268
323307
323440
323780
323883
323998
324111
324337
324386
324417
324424
324443
324486
324521
325165
325193
325208
325225
325638
325698
325785
325790
325802
326040
326121
326137
326166
326228
326445
326640
326665
326688
326771
326800
326975
327133
327195
327206
327257
327286
327413
327623
327903
328034
328107
328317
328330
328661
328820
328977
329079
329232
329245
329308
329373
329474
329475
329486
329505
329532
329604
329782
329922
329944
329971
329976
330166
330230
330318
330378
330380
330433
330514
330690
330694
330766
330810
330818
330883
330964
331043
331234
331246
331393
331428
331613
331695
331700
331766
331951
332021
332101
332196
332201
332293
332406
332432
332541
332598
333003
333113
333153
333262
333367
333496
333549
333713
333811
333837
333839
333890
334091
334123
334244
334293
334497
334500
334648
334734
334962
335006
335064
335067
335069
335118
335158
335326
335336
335383
335415
335428
335431
335489
335524
335529
335548
335706
335708
335799
335835
335836
335844
335953
335990
336060
336220
336237
336380
336549
336637
336671
336711
336879
337028
337162
337212
337281
337319
337515
337617
337676
337705
337709
337717
337942
338027
338040
338063
338199
338361
338401
338419
338449
338461
338463
338513
338542
338599
338697
338716
338750
338850
338850
338878
338932
338985
338989
339101
339122
339513
339587
339728
339753
339902
339904
339980
340106
340156
340199
340379
340517
340583
340662
340696
340861
340873
341195
341304
341460
341531
341807
341815
341823
341861
342060
342082
342096
342100
342216
342297
342373
342631
342633
342773
342773
342858
342868
342987
343052
343093
343127
343267
343406
343410
343428
343466
343476
343516
343560
343639
343648
344007
344097
344162
344363
344378
344380
344479
344807
344974
345032
345079
345116
345146
345220
345305
345678
345700
345735
345962
346001
346032
346159
346165
346218
346271
346298
346342
346381
346385
346395
346470
346575
346655
346662
346700
346726
346803
346912
346913
346984
347052
347068
347233
347334
347344
347537
347746
347809
347830
348276
348353
348383
348407
348482
348492
348502
348618
348619
348646
348772
348857
348897
348897
348928
348934
349014
349127
349149
349168
349428
349517
349518
349709
349780
349850
349867
349919
349977
349978
350044
350105
350323
350452
350500
350502
350520
350648
350888
351237
351421
351445
351495
351614
351963
352293
352417
352418
352603
352660
352751
352774
352923
353007
353015
353063
353150
353154
353327
353385
353514
353548
353669
353739
353776
353917
353965
354058
354122
354219
354309
354379
354413
354459
354598
354645
354714
354805
354855
355028
355103
355189
355304
355529
355595
355689
355708
355954
356001
356042
356162
356570
356710
356732
356742
356873
357003
357239
357329
357474
357488
357525
357651
357670
357677
357733
357751
357892
357970
358254
358657
358676
358816
358825
358979
359049
359051
359082
359135
359266
359288
359499
359580
359859
359949
360003
360200
360387
360395
360781
360937
360940
361094
361116
361219
361237
361428
361488
361500
361587
361595
361719
361949
362428
362484
362528
362560
362618
362722
362955
362992
363079
363092
363108
363165
363361
363444
363469
363501
363522
363612
364024
364232
364278
364468
364492
364504
364518
364618
364621
364679
364795
364932
365034
365114
365213
365238
365282
365295
365315
365357
365415
365482
365553
365637
365830
365841
365891
366051
366323
366325
366341
366355
366612
366629
366709
366787
366829
366857
367137
367185
367211
367647
367660
368048
368501
368700
368903
369083
369292
369306
369339
369352
369546
369664
369694
369750
369770
370008
370055
370195
370204
370408
370417
370447
370586
371007
371106
371400
371401
371556
371773
372109
372137
372148
372358
372535
372611
372777
372836
372858
372900
372999
373107
373322
373399
373464
373477
373593
373613
373647
373839
373843
373870
373907
374146
374254
374316
374323
374513
374570
374695
374729
374753
374773
374960
375209
375414
375496
375518
375522
375648
375846
376061
376085
376172
376269
376365
376487
376492
376515
376576
376579
376764
376893
377127
377489
377571
377576
377599
377746
377924
377947
378083
378475
378522
378718
378762
378823
378867
378897
379040
379041
379138
379180
379237
379290
379324
379330
379417
379425
379463
379512
379559
379563
379754
379919
380046
380064
380087
380249
380286
380373
380394
380611
380710
381066
381094
381122
381200
381225
381393
381406
381476
381477
381549
381552
381632
381678
381749
381750
381811
381856
381873
381888
382364
382368
382592
382708
382726
382742
382742
382974
383003
383012
383050
383076
383202
383384
383506
383515
383530
383798
384192
384272
384359
384377
384772
384881
385085
385177
385229
385257
385464
385501
385551
385616
385673
385693
386351
386414
386671
386742
386743
386832
387005
387234
387474
387590
387616
387681
387687
387713
387715
387849
388072
388295
388376
388380
388583
388703
388747
388753
388757
388858
388895
389044
389149
389166
389177
389481
389553
389624
389684
390037
390092
390143
390281
390445
390777
391036
391203
391282
391286
391508
391515
391590
391685
391703
391768
391876
391897
391906
391958
392083
392184
392261
392261
392288
392339
392358
392562
392585
392801
392825
392894
393048
393128
393175
393184
393226
393256
393294
393638
393722
393769
393853
393935
394416
394532
394540
394783
394859
394902
395223
395399
395458
395483
395593
395631
395717
395893
396015
396205
396251
396322
396512
396522
396803
396865
397043
397111
397393
397439
397445
397676
397692
397785
397924
397946
398106
398114
398116
398129
398176
398186
398235
398383
398609
398695
398788
398851
398991
399076
399088
399112
399172
399421
399438
399463
399470
399508
399619
399764
399910
399911
400303
400351
400395
400464
400469
400645
400741
400830
400917
400928
400989
401209
401210
401272
401310
401646
401655
402059
402131
402442
402571
402605
402704
402837
402903
402921
403087
403179
403251
403340
403375
403540
403567
403612
403648
403709
403762
403782
404109
404121
404381
404459
404597
404716
404771
404989
405032
405045
405127
405274
405313
405426
405547
405596
405786
405804
406075
406152
406241
406474
406492
406495
406515
406527
406575
406699
407129
407144
407255
407475
407522
407600
407740
407745
407910
407972
408189
408381
408538
408658
408721
408753
408868
408890
409023
409037
409253
409495
409499
409527
409563
409583
409598
409622
409631
409645
409690
409769
409954
410244
410494
410499
410564
410811
410816
410865
410916
411048
411206
411240
411388
411412
411539
411578
411648
411693
411697
411757
411820
411900
412147
412196
412257
412354
412599
412642
412685
412875
412964
413003
413065
413225
413327
413344
413567
413617
413661
413877
413953
414121
414326
414587
414612
414765
414982
415047
415328
415340
415398
415510
415663
415665
415742
415742
415758
415814
415835
416135
416291
416357
416433
416465
416509
416591
416637
416753
416933
417129
417172
417235
417327
417594
417609
417655
417771
418046
418153
418158
418269
418348
418460
418517
418662
418886
418983
419033
419180
419265
419273
419384
419442
419476
419485
419549
419611
419844
419866
420044
420046
420166
420193
420238
420290
420292
420679
420766
420858
420883
420913
420971
421064
421114
421146
421214
421540
421596
421704
421720
421793
421861
421907
421921
421975
422197
422477
422489
422539
422603
422803
422944
422950
423003
423032
423042
423065
423213
423469
423478
423551
423685
424058
424254
424254
424332
424343
424526
424573
424630
424869
425000
425106
425135
425146
425228
425230
425442
425526
425529
425542
425740
425803
425870
425942
426013
426091
426363
426443
426533
426621
426625
426688
426752
426812
426858
426880
426975
427012
427073
427391
427448
427490
427539
427591
427704
427747
427881
428065
428116
428235
428322
428442
428592
428681
428881
429005
429033
429049
429106
429204
429238
429262
429276
429443
429572
429809
429810
429874
430040
430061
430188
430475
430538
430850
430854
430885
431062
431327
431649
431839
431839
431868
431869
432156
432226
432276
432289
432326
432447
432671
432672
432699
432823
432939
432951
432954
433167
433287
433325
433346
433375
433540
434050
434055
434108
434172
434245
434300
434640
434641
434721
434735
434798
434863
434973
434975
435018
435156
435183
435421
435457
435584
435655
435663
435680
435922
435943
436089
436146
436168
436302
436319
436403
436420
436533
436565
436618
436623
436805
436939
437061
437200
437421
437486
437545
437739
437811
437817
437995
438151
438513
438668
438752
438869
439084
439177
439353
439430
439502
439861
440522
440839
440951
441017
441058
441137
441216
441273
441493
441523
441623
441657
441688
441817
441821
441994
442036
442207
442338
442345
442467
442501
442510
442514
442756
443396
443572
443609
443712
443754
443829
443859
443983
444012
444121
444306
444332
444373
444409
444646
444750
444768
444869
444872
444899
444900
445128
445235
445435
445679
445776
445800
446118
446123
446286
446391
446483
446599
446614
446640
446648
446682
447041
447227
447380
447389
447869
448023
448048
448055
448293
448297
448442
448495
448687
448706
448886
449015
449075
449218
449231
449284
449386
449491
449601
449695
449794
449796
449833
450010
450013
450183
450410
450452
450626
450628
450801
450871
451186
451531
451545
451548
451607
451950
452232
452269
452276
452291
453062
453178
453189
453230
453267
453306
453455
453502
453508
453511
453583
453585
453658
453787
453946
454345
454360
454384
454451
454507
454642
454644
454929
454942
454972
455050
455086
455200
455477
455483
455494
455707
455727
455732
455815
455815
455861
455909
456419
456677
456854
456941
456963
457101
457381
457586
458023
458050
458135
458183
458219
458264
458395
458446
458525
458615
458702
458774
458780
458835
458863
458905
459188
459421
459788
459826
459954
460331
460375
460389
460464
460589
460631
460829
460884
460916
461109
461170
461221
461405
461508
461513
461546
461578
461634
461661
461668
461793
461882
462056
462059
462219
462491
462504
462543
462598
462738
462833
462853
462938
462954
463209
463358
463418
463489
463601
463689
463851
464094
464239
464253
464279
464296
464352
464453
464454
464457
464593
464594
464646
464654
464700
464706
465007
465023
465083
465137
465244
465530
465605
465643
465832
465860
465901
466029
466080
466101
466258
466340
466515
466591
466632
466702
466708
466752
466753
466834
466948
467207
467236
467244
467375
467420
467424
467501
467594
467607
467637
467733
467828
467849
467857
468016
468051
468244
468324
468646
468658
468715
468717
469060
469380
469531
469532
469591
469928
470053
470294
470301
470746
470919
471144
471224
471259
471400
471450
471535
471584
471637
471681
471695
471834
471839
471872
471916
471921
471946
472003
472081
472380
472400
472496
472613
472639
472693
472765
472806
472953
472966
472979
473028
473035
473145
473244
473288
473379
473411
473605
473877
473960
474297
474299
474378
474529
474652
474823
474966
475100
475273
475638
475868
475927
475947
476114
476124
476292
476461
476461
476465
476478
476569
476649
476799
476944
477026
477033
477087
477218
477278
477424
477463
477616
477655
477726
477746
477922
478060
478093
478161
478186
478237
478440
478568
478607
478629
478755
478781
478826
478830
478940
479034
479137
479197
479238
480160
480220
480287
480288
480341
480362
480364
480392
480638
480662
480891
481417
481557
481628
481785
481901
481903
481937
482119
482151
482296
482451
482509
482554
482734
482809
482990
483041
483246
483277
483350
483412
483430
483435
483494
483606
483631
483634
483660
483737
483771
483794
483928
483951
484126
484142
484275
484311
484518
484569
484627
484761
484926
485007
485190
485298
485317
485392
485395
485429
485433
485490
485567
485573
485619
485834
485952
486213
486366
486454
486557
486768
486790
486923
486933
486986
487012
487031
487065
487098
487179
487205
487218
487303
487317
487327
487401
487478
487616
487714
487804
487855
488135
488215
488430
488448
488474
488500
488871
488974
489003
489045
489234
489290
489382
489449
489485
489559
489637
489642
489665
489666
489731
489861
489991
490145
490234
490343
490377
490519
490830
490960
491653
491670
491750
491808
491849
492004
492187
492245
492267
492430
492467
492485
492552
492648
492688
492701
492767
492809
492941
492973
493027
493047
493073
493197
493257
493332
493448
493452
493516
493675
493718
493844
494137
494170
494376
494536
494556
494862
495223
495484
495653
495745
495913
496128
496141
496293
496294
496352
496457
496603
496629
496706
496716
496720
496742
496776
497089
497154
497190
497210
497261
497327
497366
497525
497593
497836
497840
497931
497959
497970
498186
498246
498270
498695
498923
499404
499501
499557
499849
499957
499960
500089
500372
500432
500636
500637
500708
500828
501013
501189
501352
501399
501550
501701
501818
501844
501921
502048
502050
502177
502214
502243
502271
502289
502293
502393
502458
502514
502763
502830
502852
502856
502857
502909
502926
503182
503208
503344
503569
503830
503842
504239
504302
504385
504433
504621
504637
504664
504881
505019
505034
505152
505165
505338
505352
505465
505499
505524
505555
505639
505666
505766
505897
506163
506212
506256
506327
506346
506369
506499
506563
506667
506907
506926
507156
507272
507388
507446
507634
507685
507712
507723
507808
507817
507895
508110
508271
508669
508734
508827
509030
509127
509289
509308
509334
509359
509517
509673
509781
509837
509923
509927
510018
510021
510060
510396
510574
510582
511089
511133
511208
511234
511527
511566
511587
511635
511654
511703
511724
511831
511833
511870
511877
512126
512178
512215
512290
512374
512500
512540
512554
512711
512753
512851
512876
512906
513100
513245
513274
513292
513351
513408
513564
513677
513873
513923
513935
514021
514134
514135
514173
514199
514276
514351
514633
514766
515025
515180
515273
515309
515806
515850
515856
515866
515871
515923
515940
515950
516044
516073
516154
516196
516320
516423
516582
516692
516737
516810
517030
517399
517685
517757
517844
518435
518548
518587
518652
518733
518793
518811
518826
519097
519115
519194
519224
519225
519299
519396
519401
519642
519685
519739
519997
520149
520205
520292
520500
520522
520599
520649
520884
520912
521050
521199
521224
521474
521550
521674
521709
521948
522047
522095
522133
522351
522736
522768
522809
522857
522874
522899
522941
523009
523094
523223
523229
523416
523904
524012
524072
524144
524160
524196
524275
524349
524407
524463
524609
524739
524888
524962
525007
525033
525064
525238
525464
525519
525529
525560
525565
525683
525739
525747
525750
525755
525833
525836
525909
525927
525946
525979
526081
526106
526262
526265
526386
526417
526462
526508
526604
526676
526764
526895
526953
527159
527279
527308
527309
527309
527414
527446
527544
527595
527643
527821
527992
528056
528239
528363
528402
528448
528592
528797
528841
528859
528947
528984
529078
529184
529187
529440
529503
529644
529659
529718
529765
529934
530004
530015
530031
530271
530339
530421
530512
530532
530625
530699
530764
530824
530830
531030
531196
531401
531501
531518
531975
532014
532064
532170
532198
532300
532378
532394
532687
532937
533145
533294
533348
533374
533568
533726
533813
533880
533971
534196
534204
534232
534465
534554
534818
534870
535208
535432
535534
535733
536160
536525
536623
536753
536770
536815
536932
536967
537023
537042
537270
537426
537432
537439
537478
537488
537634
537795
537901
537961
538139
538239
538431
538503
538515
538557
538747
538950
538957
539005
539331
539391
539446
539571
539646
539756
539836
539841
539968
539995
540070
540097
540137
540157
540206
540227
540271
540429
540472
540529
540587
540594
540640
540796
540845
540855
540877
541250
541357
541441
541518
541848
541876
542197
542432
542449
542470
542480
542528
542649
542652
542692
542708
542813
542833
542866
542870
542875
542880
542977
542990
543057
543170
543276
543442
543453
543463
544051
544069
544376
544427
544512
544515
544517
544633
544650
544669
544684
544742
545036
545147
545151
545442
545526
545626
545670
545728
545786
546026
546171
546262
546481
546516
546780
546873
546878
547063
547158
547300
547336
547573
547590
547809
548104
548157
548233
548289
548302
548313
548336
548357
548412
548573
548654
548707
548926
549104
549262
549265
549278
549342
549382
549712
549956
550157
550297
550379
550396
550600
550848
550979
551150
551159
551179
551223
551240
551466
551616
551630
551644
551716
552011
552070
552109
552305
552334
552690
552914
553165
553244
553272
553517
553519
553705
553794
553877
554038
554141
554239
554375
554437
554536
554595
554631
554818
554833
554845
554917
554993
555011
555191
555353
555399
555446
555463
555561
555664
555752
555822
555919
555986
556020
556102
556186
556196
556258
556392
556447
556541
556715
556778
557278
557330
557643
557646
557666
557731
557743
557778
557882
558081
558095
558463
558574
558591
558778
559099
559162
559185
559355
559355
559386
559428
559690
560234
560446
560839
560870
560940
561049
561070
561101
561232
561254
561276
561334
561413
561498
561499
561531
561572
561609
561642
561700
561870
561889
561970
562059
562236
562427
562453
562472
562616
562769
563296
563343
563379
563426
563486
563729
563733
564058
564099
564124
564269
564336
564394
564437
564617
564650
564708
564740
564769
564795
564800
564962
564968
565011
565034
565158
565310
565542
565570
565653
565739
565752
565771
565854
565922
565996
566085
566130
566229
566401
566801
566843
566844
566887
566948
567081
567143
567249
567333
567339
567538
567743
567938
568034
568072
568164
568209
568288
568322
568353
568386
568814
568865
569191
569211
569229
569273
569290
569291
569510
569625
569699
569737
569885
569919
569960
570306
570342
570415
570420
570449
570568
570763
570829
570835
570855
570907
571103
571352
571585
571942
572193
572194
572421
572545
572606
572612
572810
572812
573057
573198
573274
573413
573546
573603
573939
573998
574023
574103
574137
574386
574513
574660
574742
574743
574780
574827
574898
574932
575213
575235
575398
575465
575738
575760
576044
576062
576142
576185
576210
576359
576439
576551
576589
576721
576789
576947
577055
577098
577106
577157
577176
577232
577269
577433
577458
577475
577576
577602
577692
577850
577961
578222
578545
578647
578713
578781
578818
578905
578952
578988
579018
579339
579365
579408
579418
579780
579932
580595
580614
580851
580854
580905
580932
581096
581172
581299
581525
581890
581900
581975
581994
582446
582522
582607
582669
582811
582828
582862
582864
583355
583460
583466
583528
583883
583952
584013
584054
584143
584230
584301
584379
584476
584627
584770
584964
584989
585099
585204
585366
585510
585638
585710
585850
586275
586383
586470
586528
586534
586736
586786
587206
587208
587248
587268
587306
587351
587549
587604
587634
587675
587739
587963
587997
588013
588242
588278
588414
588593
588610
588654
588691
588796
588804
588819
588951
589090
589353
589398
589459
589519
589529
589540
589569
589662
589756
589814
589916
590026
590045
590306
590451
590464
590489
590617
590633
590641
590706
590727
590854
590860
590992
591031
591055
591133
591144
591206
591247
591291
591375
591442
591581
591590
591863
591908
591929
591950
592020
592074
592301
592355
592373
592375
592476
592609
592814
592911
592917
592961
593014
593264
593303
593326
593386
593442
593449
593494
593577
593584
593669
593761
593804
593908
593977
594071
594390
594404
594730
594960
594983
595227
595412
595473
595601
595648
595732
595765
595864
595898
595927
596098
596193
596516
596568
596677
596750
596877
597072
597114
597284
597350
597378
597784
597794
597804
597825
597876
597891
597986
598198
598228
598241
598346
598422
598575
598788
598791
598793
598924
598943
599295
599327
599439
599447
599456
599668
599690
599733
599979
600358
600429
600575
600591
600642
600706
600755
600828
600912
600914
601187
601232
601414
601558
601573
601624
601936
602031
602092
602508
602627
602778
602797
603038
603213
603323
603345
603348
603600
603788
604128
604170
604702
604827
604944
605081
605194
605298
605379
605462
605595
605600
605617
605652
605670
605889
605974
606016
606200
606207
606224
606394
606433
606452
606483
606492
606608
606702
606717
606909
606998
607272
607539
607641
607801
608140
608184
608194
608340
608535
608574
608604
608670
608705
608757
608949
608958
609407
609438
609579
609612
609664
609726
609837
610089
610164
610225
610358
610366
610457
610472
610475
610485
610502
610747
611022
611054
611081
611265
611510
611558
611590
611641
611706
611853
612016
612090
612109
612159
612388
612403
612463
612472
612627
612880
613088
613151
613154
613220
613272
613281
613460
613699
613710
613734
613736
613774
613819
613908
613960
613998
614068
614158
614170
614244
614248
614497
614509
614579
614783
614910
615258
615285
615293
615299
616173
616230
616270
616390
616651
617039
617206
617220
617393
617452
617613
617814
617937
618422
618532
618582
618599
618674
618718
618876
618969
618999
619012
619052
619096
619237
619249
619459
619516
619563
619723
619845
619879
619934
619988
620014
620028
620189
620292
620464
620528
620600
620922
620944
620964
621039
621240
621358
621406
621434
621501
621506
621526
621739
622161
622184
622263
622383
622499
622742
622856
623084
623099
623177
623255
623343
623386
623404
623521
623590
623755
623837
623944
623948
624134
624244
624393
624635
624699
624816
624853
624913
625150
625252
625259
625480
625499
625603
625625
625752
625840
625902
625932
626059
626095
626106
626170
626418
626449
626553
626567
627002
627459
627487
627501
627530
627531
627631
627652
627742
627980
627984
628001
628099
628166
628220
628378
628391
628563
628733
629055
629076
629160
629163
629241
629258
629357
629452
629565
629702
629892
630029
630118
630220
630221
630249
630302
630385
630529
630533
630575
630713
630918
631007
631276
631277
631447
631518
631815
632077
632098
632127
632146
632168
632469
632536
632554
632555
632618
632738
632880
632919
632945
633049
633079
633264
633427
633625
633686
633827
633831
633875
633895
634028
634089
634142
634211
634230
634315
634421
634701
634818
634889
635003
635282
635400
635464
635634
635717
635729
635780
635870
636032
636033
636197
636208
636234
636319
636335
636409
636661
636702
636986
637039
637160
637177
637197
637207
637386
637444
637563
637611
638078
638110
638137
638333
638345
638627
638760
638797
638844
638883
639120
639159
639715
639740
640007
640046
640090
640235
640286
640337
640340
640649
640751
640888
641120
641250
641264
641337
641411
641469
641894
642133
642383
642437
642548
642549
642601
642613
642616
642728
642753
642784
642847
642914
643030
643056
643094
643118
643164
643471
643486
643717
643991
644078
644102
644193
644359
644557
644639
644697
645050
645059
645099
645134
645165
645335
645608
645668
645941
645943
645965
646102
646141
646217
646295
646546
646594
646676
646775
646853
646968
647057
647295
647569
647609
647832
648013
648094
648316
648443
648508
648960
649079
649192
649376
649408
649417
649528
649612
649844
649933
649950
649993
650032
650250
650333
650363
650371
650431
650457
650480
650573
650603
650688
650702
650732
650757
651163
651301
651329
651343
651415
651451
651489
651775
651918
651922
651922
652066
652401
652442
652540
652543
652663
652700
652712
652884
652921
653382
653473
653571
653586
653659
653721
653827
653861
653891
654067
654243
654521
654694
654717
654848
654872
654956
655034
655079
655260
655332
655339
655354
655426
655594
655723
655940
656093
656310
656386
656499
656514
656538
656566
656669
656812
657081
657169
657549
657555
657699
657752
657764
657964
658021
658051
658148
658456
658637
658929
658973
659107
659202
659459
659513
659521
659775
659889
659942
660143
660242
660242
660274
660446
660456
660587
660694
660806
660899
661033
661089
661339
661489
661670
661754
661979
661986
662029
662488
662592
662634
662650
662684
663008
663119
663247
663379
663428
663441
663466
663513
663725
663729
664060
664061
664207
664385
664390
664468
664639
664716
664776
664842
664926
665004
665106
665216
665545
665552
665589
665594
665657
665881
665934
666144
666203
666438
666541
666587
666624
666643
666645
666660
666797
666894
666912
666939
667023
667074
667662
667684
667686
667693
667734
667754
667807
667832
668209
668247
668293
668529
668667
668800
668842
668881
669019
669224
669241
669243
669250
669314
669324
669895
669940
670056
670099
670216
670668
670797
670908
670952
671013
671111
671158
671166
671333
671419
671610
671921
671941
672114
672114
672260
672368
672535
672564
672654
672887
672919
672947
673021
673135
673140
673165
673237
673280
673402
673510
673547
673614
673649
673715
673734
673789
673791
673886
674227
674235
674311
674407
674430
674449
674692
674862
674957
674984
674995
675115
675243
675270
675444
675476
675761
675841
675857
676086
676117
676140
676477
676624
676828
677103
677178
677195
677220
677282
677326
677669
677677
677804
677964
678074
678232
678320
678350
678394
678427
678560
678574
678927
678989
678996
679042
679123
679208
679429
679517
679876
680080
680105
680194
680342
680442
680611
680933
680979
681083
681093
681163
681194
681221
681294
681324
681333
681346
681425
681461
681554
681638
681661
681858
681899
682007
682020
682035
682090
682107
682268
682469
682508
682572
682742
682767
682947
683018
683217
683293
683307
683323
683453
683777
683900
683922
683984
684036
684294
684374
684654
684666
684722
684741
684818
684888
684914
684936
684992
685000
685170
685248
685259
685290
685343
685525
685713
685729
685874
685983
686295
686370
686426
686477
686747
686992
686998
687029
687049
687101
687136
687183
687213
687356
687563
687584
687701
687908
687983
687998
688004
688090
688170
688260
688359
688440
688600
688856
688874
689036
689053
689233
689305
689314
689365
689417
689523
689571
689860
690051
690070
690158
690184
690370
690398
690629
690706
690761
690992
691228
691417
691432
691536
691664
691685
691801
691875
691896
691976
692027
692293
692371
692685
692815
692822
692845
692906
693004
693052
693255
693306
693329
693468
693518
693582
693582
693930
694031
694066
694539
694585
694587
694610
694773
694858
694922
694976
695059
695063
695166
695202
695320
695399
695498
695549
695593
696017
696060
696258
696331
696429
696476
696530
696631
696908
696937
697095
697100
697101
697379
697549
697926
697961
698371
698454
698503
698528
698600
698616
698647
698685
698689
698741
698799
699130
699238
699274
699333
699334
699420
699649
699682
699730
699884
699889
699902
700046
700225
700226
700331
700382
700402
700442
700793
700909
701024
701142
701146
701335
701462
701647
701732
701904
701972
702069
702160
702231
702523
702607
702630
702653
702798
702976
703001
703119
703120
703203
703209
703340
703359
703481
703591
703884
703972
704009
704137
704150
704377
704508
704596
704667
704795
704820
704927
705067
705069
705079
705101
705370
705400
705410
705439
705479
705584
705591
705863
706053
706104
706225
706293
706356
706377
706451
706574
706602
706607
706624
706673
706702
706818
706974
707089
707231
707337
707524
708050
708059
708067
708257
708314
708542
708592
708633
708679
708709
708737
708843
708845
708967
708978
709014
709261
709361
709390
709550
709555
709711
709780
709894
709901
710054
710117
710146
710250
710333
710486
710530
710534
710594
710833
711151
711173
711340
711443
711517
711549
711599
711643
711853
711944
711991
712016
712090
712171
712202
712223
712266
712315
712434
712635
712640
712666
712769
712896
713006
713031
713046
713071
713084
713121
713187
713214
713418
713509
713677
713880
713897
713939
713989
714095
714131
714571
714586
714701
714753
714757
714773
714971
714979
714987
715010
715100
715125
715156
715168
715288
715476
715526
715822
716182
716317
716345
716367
716378
716489
716506
716582
716684
716816
716972
717024
717095
717264
717285
717361
717632
717715
717862
717874
717913
717982
718000
718024
718035
718106
718142
718317
718403
718454
718600
718634
718664
718671
718698
718961
719012
719287
719614
719716
719921
720039
720106
720153
720209
720218
720575
720642
720743
720772
720807
720830
720847
721248
721365
721500
721556
721625
721633
721733
721848
721897
721934
721954
722062
722101
722158
722255
722264
722663
722699
722706
722772
722865
722876
722901
722957
722980
722993
723008
723290
723581
723707
723763
723784
723827
723862
724002
724058
724332
724341
724420
724497
724517
724523
724605
724802
724810
724835
724933
724992
725106
725149
725246
725335
725424
725427
725597
725679
725763
725896
725939
726019
726129
726185
726199
726321
726338
726425
726526
727251
727302
727578
727781
727836
727989
727991
728050
728263
728403
728453
728662
728746
728798
728974
729049
729052
729228
729487
729517
729641
729702
729745
729833
729901
730126
730215
730295
730349
730394
730396
730409
730459
730476
730593
730685
731010
731035
731147
731165
731682
731709
731720
731744
731747
731754
731759
731822
731822
731844
731931
731952
731962
732021
732368
732493
732730
732793
732828
733040
733163
733187
733190
733262
733482
733484
734013
734312
734442
734589
734607
735088
735116
735158
735496
735518
735534
735728
735875
735876
735884
736226
736300
736339
736510
736526
736551
736696
736707
736730
736787
736974
737089
737497
737602
737632
737749
738148
738256
738300
738385
738427
738471
738567
738640
738974
739153
739192
739196
739263
739404
739556
739571
739842
739876
740051
740140
740178
740212
740221
740269
740270
740380
740429
740683
740782
740860
741407
741558
741628
741775
742009
742012
742060
742094
742411
742529
742565
742894
742958
743006
743249
743307
743404
743549
743576
743923
744109
744145
744426
744482
744536
744745
744860
744891
744948
744963
745031
745286
745339
745432
745444
745461
745567
745598
745657
745840
745887
746019
746151
746163
746199
746224
746276
746302
746416
746588
746662
746688
746845
746873
747001
747163
747216
747225
747297
747467
747661
747774
747928
748040
748058
748089
748139
748173
748344
748379
748501
748531
748653
748812
748844
748970
749071
749088
749470
749481
749625
749750
749817
749981
750046
750122
750194
750718
750848
751002
751340
751507
751665
752270
752290
752332
752348
752355
752460
752537
752824
752851
752878
752884
753316
753393
753464
753961
753974
754230
754261
754569
754836
755045
755098
755211
755232
755458
755603
755631
755736
755875
755888
756022
756072
756113
756144
756159
756164
756263
756263
756395
756484
756625
756636
756694
756860
756867
756868
757064
757413
757425
757504
757554
757586
757653
757703
757737
757832
757837
757840
757982
758052
758156
758309
758445
758453
758465
758466
758474
758611
758747
758809
758931
758998
759058
759164
759404
759449
759487
759790
759959
759962
760113
760253
760348
760483
760566
760576
760585
760647
760703
760744
760794
760825
761036
761039
761150
761219
761641
761793
761849
761977
762124
762176
762368
762425
762434
762466
762639
762720
762777
762806
762908
762927
762950
763036
763110
763155
763177
763474
763547
763553
763593
763609
763624
763773
763939
763980
764030
764324
764460
764660
764894
764934
765069
765122
765218
765287
765426
765486
765528
765550
765596
765679
765702
765751
765762
765795
765999
766061
766395
766444
766493
766501
766755
766757
766836
766981
767008
767113
767199
767257
767458
767486
767493
767534
767603
767887
767908
768010
768058
768223
768325
768420
768671
768680
768798
769052
769190
769223
769306
769316
769372
769393
769527
769878
770012
770050
770161
770249
770346
770441
770596
770687
770808
770861
771053
771069
771120
771123
771256
771389
771515
771555
771582
771679
771700
771704
771708
771735
771995
772031
772038
772062
772105
772143
772151
772228
772377
772419
772675
772799
772819
772978
773034
773084
773140
773149
773271
773430
773445
773494
773543
774007
774088
774173
774252
774337
774349
774353
774384
774418
774504
774565
774569
774717
774781
774802
774886
775075
775386
775400
775561
775564
775680
775739
775777
775853
775958
776090
776103
776144
776174
776254
776297
776489
776605
776845
776929
777140
777362
777363
777385
777449
777478
777535
777681
777809
778053
778251
778283
778415
778468
778472
778662
778808
778844
778899
778965
779098
779144
779155
779163
779247
779416
779675
779841
779903
780007
780072
780175
780221
780295
780329
780369
780414
780427
780457
780607
780650
780700
780923
780944
781338
781547
781749
781772
781931
781956
782119
782218
782297
782314
782327
782818
782838
782896
782928
783200
783257
783291
783731
783822
783859
783904
783975
784003
784085
784190
784223
784339
784405
784481
784648
784681
784721
785006
785171
785173
785335
785349
785379
785554
785582
785678
785717
785853
785877
785984
786065
786177
786181
786333
786347
786421
786544
786545
786562
786954
786961
787034
787195
787223
787439
787579
787625
787639
787786
787843
787920
787938
788129
788259
788354
788378
788792
788912
788955
789010
789075
789206
789237
789526
789561
789569
789640
789642
789929
790046
790080
790089
790123
790401
790488
790605
790837
790848
790871
790889
791053
791136
791150
791185
791234
791342
791343
791397
791488
791528
791558
791699
791790
792107
792110
792171
792265
792286
792584
792592
792605
792923
793059
793139
793223
793333
793375
793467
793719
793742
793747
793776
793840
793843
793915
794020
794047
794107
794140
794149
794471
794632
794654
794685
794798
794871
794896
794977
794995
795057
795080
795099
795137
795153
795610
795966
796002
796018
796021
796022
796124
796279
796556
796611
796631
796755
796772
797013
797101
797105
797124
797147
797183
797410
797423
797467
797618
797834
797982
798111
798208
798268
798489
798539
798582
798621
798663
798847
799032
799052
799433
799610
799612
799709
799728
799738
799839
800097
800566
800648
800818
800876
800917
800961
800974
801329
801664
801814
801822
801865
802028
802100
802140
802221
802225
802462
802507
802545
802847
802881
803038
803119
803214
803362
803682
803811
803812
803838
804038
804055
804151
804186
804341
804419
804431
804480
804612
804730
804817
804881
804997
805019
805246
805329
805343
805659
805734
805745
805919
805946
805958
806114
806117
806327
806335
806369
806414
806428
806443
806451
806461
806581
806584
806636
806667
806881
807002
807130
807172
807442
807545
807563
807727
807883
807892
807934
807990
808055
808184
808268
808466
808494
808535
808559
808645
808958
809184
809267
809279
809288
809303
809614
809720
810160
810185
810228
810543
810587
810692
810757
810760
810803
810810
811062
811121
811198
811527
811714
811753
811948
812117
812140
812440
812494
812496
812510
812691
812827
812872
812962
813103
813115
813128
813230
813249
813432
813653
813987
814027
814049
814150
814248
814377
814413
814470
814605
814703
814734
814773
814810
814848
815021
815034
815180
815221
815279
815298
815306
815315
815374
815422
815533
815690
815829
815882
815901
815928
816065
816277
816697
816714
816770
816885
816905
816944
817227
817501
817517
817541
817551
817711
817750
817889
817924
818014
818124
818142
818182
818261
818480
818519
818548
818571
818679
818718
818771
818931
819010
819142
819183
819333
819445
819492
819728
819730
819885
819929
820221
820495
820598
820759
820826
820834
820966
820977
821027
821123
821141
821253
821300
821937
821961
822073
822104
822249
822624
822795
822823
822895
822904
822958
823185
823270
823388
823390
823485
823692
823745
823773
823945
824136
824216
824380
824390
824492
824883
825117
825121
825938
825985
826089
826205
826262
826316
826332
826547
826758
826952
827064
827115
827243
827294
827454
827500
827731
827859
827911
827969
828091
828150
828322
828364
828406
828430
828515
828620
828622
828722
828867
828912
828921
829011
829261
829412
829429
829461
829483
829484
829519
829690
830211
830315
830355
830513
830593
830727
830778
830901
830975
831184
831228
831443
831523
831585
831585
831599
831842
831927
832035
832138
832158
832190
832654
832768
832812
832829
832963
833193
833214
833218
833351
833358
833393
833396
833399
833413
833487
833847
833872
833890
833913
833921
833972
834261
834416
834631
834748
834792
834817
834844
834854
835108
835171
835223
835283
835475
835676
835853
835917
835948
835951
835954
835976
835996
836121
836591
836685
836726
836782
836848
836886
836952
837039
837287
837288
837591
837645
837723
837921
837924
838145
838272
838284
838642
838778
838789
838897
838899
838900
838940
839048
839174
839394
839492
839534
839563
839613
839653
839758
839888
840041
840042
840140
840325
840440
840515
840549
840612
840749
840780
840782
840843
841103
841398
841534
841554
841705
841764
841845
841992
842152
842156
842509
842519
842757
842799
842900
842904
842914
842987
843058
843080
843221
843542
843640
843650
843683
843858
843866
843888
843910
843943
843958
844030
844075
844284
844364
844524
844583
844627
844908
844991
845048
845178
845386
845500
845620
845811
845969
846023
846080
846155
846194
846369
846420
846466
846632
846666
846680
846784
846892
846910
847025
847073
847091
847173
847270
847295
847545
847818
847849
848116
848197
848223
848309
848346
848373
848435
848444
848618
848921
849020
849539
849590
849722
849738
849842
850021
850156
850213
850222
850295
850352
850566
850572
850604
850830
850929
851215
851232
851383
851516
851587
851588
851686
851759
851802
851834
851922
851981
852171
852346
852357
852487
852582
852647
852712
852855
853020
853046
853174
853344
853416
853428
853545
853607
853644
853672
853772
853799
853990
854095
854219
854380
854509
854677
854683
854841
854921
855099
855120
855238
855261
855377
855470
855592
855620
855656
855693
855757
855763
855894
856043
856084
856152
856230
856427
856464
856468
856543
856566
856591
856693
856774
856790
856911
856977
856985
857046
857047
857242
857263
857432
857551
857592
857605
857655
857698
857753
857891
858067
858123
858263
858374
858467
858528
858545
858548
858604
858669
858696
858940
859046
859053
859101
859160
859199
859277
859398
859658
859677
859709
859758
859798
859926
859954
859957
859984
860047
860115
860189
860219
860347
860361
860517
860798
860914
860941
861024
861097
861237
861344
861392
861552
861839
861881
861913
861971
862155
862166
862385
862424
862468
862477
862489
862595
862669
862963
863178
863248
863377
863504
863548
863603
863712
863834
863882
864044
864081
864298
864386
864550
864671
864773
864796
864863
865010
865013
865037
865190
865301
865569
865629
865676
865741
865822
865975
866303
866442
866847
867405
867589
867818
868380
868414
868467
868846
868861
868887
869022
869221
869264
869301
869375
869466
869611
869856
869994
870169
870172
870183
870191
870311
870508
870711
870866
870984
871247
871321
871331
871424
871502
871558
871631
871739
871851
871877
871908
871955
872075
872117
872371
872455
872575
872694
872853
872864
872916
872935
872967
873048
873134
873638
873715
873721
873766
873976
874098
874158
874302
874488
874583
874607
874702
874823
874848
875067
875109
875300
875305
875329
875369
875413
875654
875703
875934
876030
876191
876437
876547
876550
876662
876929
876988
877001
877029
877127
877172
877182
877185
877235
877331
877343
877345
877366
877410
877476
877479
877755
877763
877936
877965
877982
878081
878113
878140
878224
878390
878413
878414
878447
878605
878610
878616
878851
878889
878930
879169
879330
879345
879370
879644
879800
879835
879881
880114
880319
880429
880574
880602
880721
880792
880824
880970
881119
881246
881305
881450
881540
881565
881584
881664
881831
881929
881933
882067
882144
882219
882353
882469
882673
882697
882765
882797
882913
883023
883281
883326
883368
883372
883622
884130
884762
884773
884781
884788
885184
885367
885443
885517
885598
885618
885652
886100
886361
886406
886448
886468
886538
886639
886640
886720
886759
886780
887136
887451
887462
887833
888038
888053
888168
888177
888267
888291
888409
888412
888428
888485
888530
888537
888678
888687
888835
889227
889289
889572
889609
889623
889905
890063
890392
890475
890630
890649
890713
890740
890787
891217
891425
891430
891506
891607
891662
891667
891761
891836
892017
892132
892232
892452
892491
892493
892497
892503
892787
892829
892836
892885
892898
893017
893220
893242
893325
893336
893519
893610
893625
893651
893703
893715
893825
893853
893900
893946
894103
894227
894390
894399
894513
894644
894792
894820
895204
895534
895600
895821
895879
895942
895982
896610
896625
896793
897056
897118
897263
897268
897543
897640
897783
897829
898057
898210
898270
898287
898301
898350
898823
899010
899021
899082
899110
899303
899322
899519
899774
899824
899891
899954
900034
900074
900298
900502
900607
900708
900782
900807
900859
900963
900965
901198
901271
901425
901599
901607
901709
901774
901804
901899
901944
901996
902111
902260
902295
902376
902456
902494
902700
902769
902795
902896
902996
903068
903259
903282
903340
903635
903667
903704
903754
903774
903956
903974
904305
904408
904627
904658
904691
904765
905646
905780
905885
905993
905995
906233
906335
906458
906462
906688
906897
907140
907169
907276
907315
907421
907583
907714
907836
907899
907958
907985
908089
908105
908226
908431
908622
908640
908733
908794
908884
908892
908893
908964
909027
909201
909300
909384
909455
909666
909702
909790
909855
909975
909985
909995
910159
910268
910501
910514
910560
910776
910806
910825
910906
910938
911070
911413
911562
911582
911593
911595
911663
911773
911890
912024
912134
912197
912335
912345
912472
912587
912645
912736
912746
912798
913209
913376
913571
913599
913629
913639
914030
914316
914416
914621
914686
914726
914729
914791
914821
915087
915220
915236
915293
915618
915718
915747
915817
915944
915966
916050
916158
916188
916252
916365
916373
916387
916425
916541
916830
916990
916993
917090
917138
917249
917345
917533
917641
917667
917782
917845
917982
917994
918027
918146
918480
918559
918564
918670
918760
918833
918945
919028
919102
919103
919114
919174
919204
919480
919487
919691
919787
919972
920103
920217
920238
920249
920254
920404
920657
920743
920748
920896
921004
921122
921145
921266
921405
921522
921555
921591
921797
921818
921865
921982
922047
922060
922150
922166
922211
922304
922352
922413
922474
922519
922596
922733
922804
922856
923147
923310
923422
923496
923507
923545
923631
923758
923854
923936
923999
924083
924091
924104
924433
924544
924700
924731
924761
924784
924990
925052
925086
925197
925277
925317
925334
925500
925520
925581
925591
925616
925696
925786
925895
926090
926294
926326
926336
926524
926529
926691
926782
926789
927055
927208
927227
927785
927923
928790
928799
928818
928833
928840
928875
928964
929040
929176
929177
929277
929644
929666
929687
929711
929995
930018
930047
930077
930140
930368
930390
930425
930623
930628
930838
930857
931102
931229
931292
931393
931433
931439
931478
931542
931556
931739
931799
931903
932139
932180
932678
932809
932856
933006
933017
933034
933122
933127
933212
933538
933638
933826
933975
934013
934113
934136
934362
934431
934460
934586
934688
934746
935000
935017
935107
935144
935166
935251
935263
935544
935574
935794
936000
936346
936376
936385
936391
936494
936531
936609
936655
936752
936756
936810
936911
937073
937179
937486
937533
937559
937566
937586
937587
937623
937702
937724
938025
938113
938198
938226
938245
938266
938279
938465
939184
939704
939706
939753
940055
940248
940263
940501
940608
940975
941081
941219
941333
941336
941459
941709
941833
941963
942073
942083
942093
942324
942371
942420
942487
942537
942547
942945
943254
943536
943668
943779
943858
943942
943948
943965
944176
944529
944672
944855
944882
944980
945051
945082
945160
945177
945360
945384
945500
945507
945747
946004
946104
946234
946325
946325
946462
946801
946836
946994
947310
947344
947455
947553
947699
947817
947819
947877
947994
948124
948153
948315
948474
948616
948633
948985
949009
949300
949300
949362
949390
949594
950121
950166
950231
950319
950482
950559
950586
950612
950787
950881
950901
951096
951096
951471
951707
951858
951873
951893
951942
952132
952305
952329
952428
952489
952648
952802
952918
953168
953575
953688
953735
953826
954093
954233
954265
954275
954277
954294
954448
954523
954715
954798
954837
954906
955013
955245
955265
955452
955465
955469
955481
955527
955572
955714
955874
956045
956074
956286
956290
956343
956397
956755
956823
957104
957120
957261
957305
957399
957599
957757
957764
957878
957985
957994
958126
958478
958586
958663
958671
958935
958963
959034
959108
959253
959262
959400
959507
959508
959655
959794
959895
960209
960592
960668
960969
961038
961089
961178
961291
961420
961510
961642
961807
961818
961829
961833
961889
962170
962188
962196
962216
962254
962491
962532
962709
962718
962895
962908
962964
963069
963165
963342
963663
963702
963809
964000
964016
964020
964118
964179
964223
964334
964424
964436
964453
964476
964516
964748
964894
964966
964990
965003
965229
965285
965378
965407
965617
965802
965986
966125
966333
966636
966722
966982
967180
967704
967718
967729
967811
967860
968009
968107
968241
968250
968520
968594
968747
968819
968844
969212
969253
969388
969473
969723
969794
969834
969908
970066
970083
970200
970252
970473
970479
970514
970520
970599
970668
970673
970682
970795
970947
971018
971262
971296
971368
971385
971395
971443
971488
971551
971884
972078
972303
972304
972378
972402
972523
972619
972766
972943
972983
973298
973315
973328
973342
973591
974084
974190
974198
974210
974224
974370
974391
974450
975022
975057
975071
975082
975131
975280
975379
975622
975649
975706
975761
975798
975808
975843
975953
975974
975983
976127
976230
976285
976458
976514
976676
976709
976762
976784
976796
976817
976855
976874
976887
977145
977293
977438
977603
977626
977755
977936
977964
978264
978316
978420
978538
978818
978937
978989
979083
979135
979284
979334
979787
980007
980143
980149
980184
980394
980410
980533
980785
981164
981366
981423
981475
981514
981552
981626
981654
981674
981682
981900
982109
982136
982208
982255
982264
982369
982480
982587
982638
982813
982864
982924
982928
982968
983081
983102
983110
983133
983243
983254
983462
983802
983893
983970
984055
984421
984571
984588
984706
985051
985098
985167
985254
985326
985526
985708
985728
985856
985866
986009
986021
986149
986306
986586
986596
986822
987124
987203
987341
987539
987606
987810
987976
988291
988518
988525
988809
988858
988864
988877
988984
989014
989140
989151
989337
989386
989392
989433
989434
989566
989579
989797
989877
989894
990001
990115
990407
990416
990508
990694
990763
990769
990942
990978
991046
991306
991347
991386
991481
991606
991616
991939
992000
992203
992215
992227
992245
992265
992470
992600
992723
992733
992735
992794
992848
992851
992924
993054
993088
993413
993420
993428
993497
993510
993511
993630
993716
993722
994027
994046
994198
994309
994427
994510
994704
994812
994925
994967
995074
995227
995314
995518
995597
995765
995774
995952
996013
996200
996272
996363
996408
996446
996805
996825
996916
996979
997036
997116
997338
997375
997442
997486
997531
997583
997764
997860
997928
997936
997950
998018
998063
998228
998320
998351
998461
998513
998585
998693
998734
998771
999224
999285
999370
999590
999627
999721
999909
