794759
219201
395111
107872
602493
181288
680509
574460
572905
892858
983203
884116
220506
180490
568262
606836
336542
872344
739872
743240
178750
259346
682595
53690
519420
170331
783845
419506
135489
759153
397059
905567
922210
300660
657221
622513
605865
142750
690065
56340
294489
260242
991241
608728
989384
159915
96992
788426
639481
723773
34656
676467
795611
552422
743832
814041
885083
84099
216448
889283
313075
88382
458574
694844
464068
840047
815800
87168
286723
671499
441132
654535
279286
412458
120917
848930
926561
896357
346787
478708
263175
534396
106166
741813
792554
152876
635515
90836
739073
74790
256812
35700
5242
518745
233906
514355
895070
974626
484387
114918
769624
459579
782158
860367
341579
209258
279959
123511
340996
668806
291103
570969
568717
596644
814347
737200
556417
280444
183495
450399
299359
592711
630116
154637
489872
542281
488010
446267
736686
289999
463117
121744
649545
311248
620907
987961
509840
282334
93101
736225
937394
631359
345152
147440
937810
674811
48454
41522
676653
310371
386391
827305
921210
674339
884985
754638
667134
139681
463334
881520
206446
831860
639692
918491
566283
611032
310585
62659
280210
380520
876493
731475
139078
544217
538236
51645
649599
232365
706629
302532
95277
512364
581298
344725
106203
897172
262076
68034
236129
685005
590020
173459
897948
512495
485383
619722
802665
314181
949302
124431
694818
232911
91804
560545
798676
658836
490084
4974
619351
751664
248769
925428
713021
428024
105645
905725
70425
869664
751551
123376
363070
426840
54965
370451
754120
190967
601054
320591
948700
65716
927619
638873
41099
59452
766533
447005
837183
911803
449799
968314
391293
572637
707663
504648
769506
891349
952634
794028
456886
481376
801487
336334
562747
514028
624590
898367
120846
932736
50748
988565
397746
797056
837388
449093
432786
825492
764234
357427
322097
2788
679457
893465
831369
173498
55696
598557
960782
287013
80427
900850
768076
767504
134229
849543
139048
974194
576974
354703
851028
896314
157970
30807
770087
343214
616845
838555
966959
270986
958809
224960
656458
726682
36988
792303
420967
165125
321524
612384
726469
292890
830431
577550
850332
649561
706635
38972
387272
74531
785494
17462
777941
975487
676016
765545
311821
883762
895280
95059
571051
964690
425012
661989
431519
3724
305504
204801
496550
735424
413692
93804
642406
993916
627733
589042
582475
360762
773492
455415
960314
205176
381613
768579
476036
970423
507819
829143
738222
485432
987165
961925
63808
866418
219946
233854
175310
712793
808211
112278
749526
879421
294399
253514
263583
800128
730890
621098
968954
863559
477213
411123
735007
729899
404639
292187
165008
933417
754361
231155
33678
529044
460052
137433
274239
914446
601649
331420
718805
234663
627480
99434
202629
907555
11653
311649
953189
589210
689376
759012
258553
498744
78450
717981
877344
157691
866850
183611
327913
106810
589041
727430
617348
690352
749351
329566
684929
557027
779825
545173
963835
307365
632267
995940
942553
637469
780953
420441
967257
369365
300615
143171
48464
299705
602501
633480
859950
96969
478064
243847
104654
38677
99937
566258
98362
927625
102137
701277
66609
665407
145216
615496
996186
501388
272610
48189
556220
730496
519358
941347
602060
729382
620763
52732
428528
630213
198358
13186
931992
739074
835274
872111
73157
342207
485076
835702
933946
922829
125446
500186
750981
840372
948833
496983
584705
679608
145454
173685
483771
662818
637095
616473
827725
975626
49303
842549
993619
720145
967442
754768
95347
443251
498899
915468
841962
29812
779448
614757
289682
827144
614783
580428
214369
44229
544901
73046
108599
287836
801361
49833
773773
692131
377528
910510
563341
476749
701178
58404
274063
490538
523593
42992
901930
103671
612876
46912
562656
762365
24263
300035
590895
784131
151068
81407
452823
172924
269172
848739
568562
180136
304897
758043
793737
725994
209273
235235
380095
146989
667500
169899
316194
267382
402191
761482
906316
250761
201647
670691
824223
103565
431567
650218
703434
389653
523154
586573
10701
679631
929767
917033
425656
714402
275003
593009
901273
704492
261370
723949
173114
363223
506861
625960
964394
46574
710422
402029
578383
163373
509229
159527
405002
983983
855569
162191
918431
843617
626974
822210
826735
183520
524298
153192
816428
663588
442541
321844
85151
248970
860946
563294
492686
475454
777095
154362
23863
313102
857905
564411
663288
775650
184777
410879
4178
303953
987434
840148
593636
919165
691907
755337
691833
793235
581914
786418
461347
493754
323337
716724
582445
941622
433517
318449
4694
215819
738439
381531
27152
993246
693074
951587
319567
695763
122414
865885
589061
985120
254598
883867
912088
380465
956582
148199
640946
547722
536939
33484
78498
136617
860518
761006
938675
383502
580974
722427
375544
544961
152489
791315
957665
190045
318284
594873
908698
203534
617374
860141
402231
864798
288807
56570
920459
967579
329835
872807
91811
654845
824809
474420
485257
942431
638469
735053
632066
288520
725055
467184
273432
529372
398463
675630
181894
749220
852880
450732
587481
361401
52404
715012
774654
111984
73216
823669
413393
866692
797510
352728
411132
24330
641910
347780
598611
978298
948419
797159
587769
196809
858727
758782
433522
689757
144341
700568
412339
63357
669275
695244
185330
357241
678631
132952
404922
4830
476281
510853
20392
511642
858168
549857
677515
214947
16818
809324
472538
840240
968437
279498
961953
557924
227542
436298
263971
195569
111274
654602
371675
564442
39116
960237
962099
410213
582871
45661
442811
224254
555115
737623
201463
360397
628527
818329
198203
820868
399883
960166
571333
254414
798174
229020
525974
145741
347658
874316
44155
93920
520675
96916
356278
85931
917035
77960
545251
161647
62438
201689
200433
399097
142879
511045
737279
413664
134006
173573
672221
779335
97850
269161
689916
783699
101853
648043
114502
45132
148644
899672
14446
64792
634680
598681
723380
70221
584281
207953
554713
413341
922222
6053
602096
2732
180638
6640
881953
20893
84080
592812
80996
444533
317544
826436
559036
709321
720613
133200
127114
736494
521817
641981
874772
535820
514239
529566
972128
233386
956601
281942
21752
317651
934063
35561
149951
980079
932938
833494
996939
206429
447703
483943
212263
115783
757477
903659
447726
277148
573305
967216
862046
638087
849355
854341
604960
941272
573800
622953
716338
89054
580786
452049
217208
370680
683481
670452
122726
287971
942839
81784
165911
136110
819104
517670
616302
415250
237144
343473
561731
646874
892261
297310
259975
661350
677596
47444
47855
728917
862073
516859
512538
504412
864850
323623
232167
250898
557219
847440
998806
772825
520678
233887
976553
459323
921836
363430
323410
401082
403532
315635
346941
162408
785959
315433
47154
962453
799920
902453
558217
245908
51773
324557
677711
250548
839267
679537
354651
793802
253292
67214
759488
740564
359572
352153
407426
771889
151858
456118
