953308
628975
866982
451824
77525
990616
470113
535157
501477
336971
729979
86011
397309
375573
233528
767126
354013
623745
812861
646478
887443
156408
691698
381923
519835
116050
740623
395045
189832
806017
407246
562129
424848
344763
91493
506600
525737
239765
424574
719348
860479
610831
168373
499665
750169
402017
500457
184949
781249
978808
305719
163649
815538
480380
825085
91957
542497
751485
308310
62998
786421
847821
399287
301126
817311
952209
897355
409362
33540
673802
325808
11928
305006
362745
273873
842378
29205
102394
275808
202035
254957
31001
353389
23703
886941
828123
592099
608457
666629
380224
243705
405675
675463
749968
377021
455279
116164
567067
254080
482643
