278
795
3534
5129
7254
8060
8225
9399
10893
11009
11488
12523
12794
14654
15788
16152
17123
21522
22810
23002
23232
24152
24423
27680
27982
29474
30660
30801
31228
31602
32012
32637
33633
34147
34534
35024
35114
35187
39870
39881
41146
43478
43771
45059
45523
47052
47056
52965
53148
54514
54554
55244
56082
56792
58512
59270
60603
62249
62422
65155
65909
66846
67043
67349
68462
70763
70951
70978
71608
71855
73587
74111
76150
76177
76636
76687
77768
77922
78276
79734
80257
80758
80984
81526
82859
83491
84055
84646
85508
86682
87798
87820
90217
91026
91196
91504
92714
92913
93746
93790
97630
98028
98627
100960
102659
103216
105411
108424
109967
110703
110886
111565
113763
114527
114682
115379
115557
116607
116906
118217
118603
119603
120498
120684
121461
121698
123308
123311
125888
128786
129092
129260
131156
131167
131508
131913
132560
132813
132895
133693
137886
140541
141154
141576
142247
144148
145118
146243
146792
146925
147697
148695
149006
149083
150468
150487
154013
154972
156893
157416
157768
158614
159051
159357
161557
161778
164325
165959
168225
168772
169630
169659
170639
177380
178498
178738
181618
181793
184557
184665
186091
186729
187909
188747
189638
190126
190775
191164
191608
193718
194371
195704
197946
198460
198747
202212
203244
204021
206941
207778
209224
209296
210006
211491
212184
213065
213556
214351
214527
216037
216390
216988
218727
220057
220059
220197
220260
221499
224116
228399
228521
229754
231926
232167
232465
233126
234372
236608
236825
237307
237413
237772
238735
238905
239445
239887
241823
246127
246150
247188
247613
248230
248335
248417
250155
251511
252390
252557
254480
255096
255097
257640
259165
262456
262737
263633
264141
264902
269079
269159
270022
270224
272398
272917
273915
274526
276337
277174
277323
279104
279484
280210
280864
280933
280959
282294
282334
283090
283116
283172
283414
283822
285220
286213
286337
287694
288686
288852
289702
291301
293547
293871
294257
296666
296933
298681
300150
300167
300894
301619
302463
302853
303618
303971
312905
313732
315350
315824
316606
316808
319227
319342
323903
324560
324616
325091
325421
326130
326213
326330
326547
330726
333121
333153
333459
335653
336420
337589
340083
341430
341690
343325
344241
344456
345788
345942
346612
347812
348177
348637
348675
348706
353800
354156
354693
354785
354948
355287
355437
357910
358202
360433
360515
361563
364082
364312
364612
365242
365808
366165
367201
370854
375350
376344
376416
379040
379051
379267
379879
380174
381824
381990
383335
385308
388084
391659
392692
392961
393142
394391
398112
398419
399803
400511
401212
401977
406701
408147
409270
410395
411180
412268
412826
414541
415534
415656
416835
417041
417052
418199
419597
420006
420397
421070
421917
421917
422383
422464
422995
423760
425187
425470
429267
431648
434325
434555
435106
436046
436254
439210
439230
441438
443254
444300
444442
444470
444855
445179
447019
448434
448689
451022
451967
455512
458932
459135
460302
460452
461814
461859
462270
462346
462411
463238
464539
465134
466248
466444
467126
467164
468053
468315
469148
469732
470111
470722
474527
474677
475972
476657
477924
478665
480752
482580
483009
484560
485188
486600
486977
488001
488943
489298
489566
490108
490752
491300
491708
494879
495149
495426
496310
497111
498654
498901
499220
500154
502115
502433
504715
505450
506277
506997
508976
510350
510820
511713
512884
513566
515313
515528
516083
516744
518366
519358
519399
521958
523927
525159
525669
526048
526182
527011
527086
527519
528198
528780
530182
531110
534777
535146
535213
538038
538466
538846
539686
539983
540798
542096
542696
544109
546299
548486
548545
549526
550219
554123
555289
555425
555484
557719
558141
559445
559633
559733
560568
561313
561400
563093
564286
566660
567895
568564
569659
569960
573418
573791
574421
574450
575438
575586
579849
580438
581076
583981
586530
586566
588235
588456
588571
588741
590256
590771
591206
591521
594611
595134
595919
596369
597376
597415
597445
597457
597745
598711
600803
602342
603543
603678
604016
604581
605610
606738
607443
607445
607974
608331
608333
609348
609939
611268
611916
612278
612748
615942
616010
616263
617070
617137
617604
618737
622353
623783
624394
624595
624652
624667
625001
625482
627088
627664
628208
628935
629047
631466
631967
632122
632989
633306
638790
639342
639375
639441
640239
643142
643880
645550
649588
651316
651684
652482
653251
654074
655310
656298
656471
656941
657158
657878
658284
660507
660525
660593
664403
666898
668328
669310
669692
671858
673058
674154
674254
676857
680002
680774
681352
681861
682250
682456
684477
684512
684849
684925
685030
685233
685562
687328
688767
689076
689244
690483
690560
691194
691866
693813
694068
695089
695796
697554
697714
698792
702123
702627
703158
703777
705175
705857
706523
707110
709131
709808
711008
711298
712176
713227
713378
713707
714573
715578
715665
715675
716420
717264
718207
718216
718284
720163
720962
722730
724295
724447
724883
725475
726349
726507
727262
728286
729407
729725
730394
731034
733401
734250
736227
737269
739141
739221
740711
740894
741035
741718
742041
744410
745465
745480
746262
748938
749122
749449
750463
750933
751075
752769
752961
755229
755906
756171
757880
758142
758588
758921
760021
760103
761213
762119
763579
765485
766019
766765
767721
769348
771460
772543
774186
776674
777051
777670
777817
777936
778125
778517
778567
779658
781478
782225
782285
782314
782493
787205
789099
791786
793170
794146
794262
794599
795262
795838
796240
796594
799241
799897
800140
801950
802281
804048
804913
806920
808013
808492
810094
810513
810573
810738
810993
812567
815155
816653
817422
820775
820830
821632
821666
822113
823381
823413
823511
825754
827238
827627
830150
830317
830995
831977
833263
833672
837603
841737
843389
843709
844042
844372
844546
848940
849361
849799
850520
851000
851277
852149
853367
853817
856146
858197
858903
859386
860852
861272
861807
863938
864132
864856
866008
866615
870334
871917
875524
875738
877020
877525
877534
881314
881952
882164
882671
883672
885692
885971
887221
888101
888942
890111
890406
891226
891253
893481
894491
894736
894824
895101
895755
896622
897632
898006
898098
898211
898521
898720
902227
903105
905054
905847
906717
907043
907113
907935
908138
908203
908291
908632
910075
910435
912290
912623
913588
914251
914488
914988
916623
916830
918060
918333
918361
919166
921780
922347
922758
923451
924397
924817
924885
926439
927773
928782
931373
935074
935171
935267
936259
939586
939616
940698
942343
942893
943565
943917
945127
946130
946321
946344
946425
947497
949632
951931
954331
955284
955515
955950
957091
957241
957587
957774
958105
959531
960320
961105
961993
963737
965281
965365
965489
965665
966391
966483
966594
968133
968867
969999
971717
972238
973814
973898
975535
976690
978289
978443
979188
979404
979513
981122
982802
983258
983549
986280
987921
988053
991164
991905
993481
994960
995448
998593
